1.20808792e+00
1.52108121e+00
-1.72304535e+00
-2.83895755e+00
1.08436477e+00
3.40248346e+00
7.75759816e-01
-1.54643178e+00
-2.31158137e+00
1.24562240e+00
1.59629917e+00
2.56119728e-01
-8.58513564e-02
-3.79252315e-01
-7.28650153e-01
5.72448224e-02
1.99614480e-01
9.25579846e-01
-8.16947460e-01
2.82757044e-01
1.77151799e+00
1.34946775e+00
-8.81965101e-01
1.31643724e+00
-1.56756163e+00
-7.54142284e-01
-6.76397443e-01
1.47361994e+00
1.33910751e+00
1.93734074e+00
-2.69354534e+00
-8.13131392e-01
-1.51062459e-01
-6.72492087e-02
1.54590762e+00
8.67435455e-01
2.18089759e-01
3.03470999e-01
-5.48256755e-01
1.08608043e+00
-4.53666419e-01
-9.48079705e-01
-1.05906379e+00
-9.33107674e-01
4.97237206e-01
6.65934861e-01
4.19410288e-01
1.05872643e+00
-5.52797139e-01
-3.07262689e-01
-7.61691451e-01
2.63144791e-01
-1.01764679e+00
3.62126492e-02
4.11207169e-01
1.09619856e+00
3.41918468e-01
6.03938699e-01
-1.94635463e+00
-5.40914476e-01
-1.62413359e+00
4.81645703e-01
7.19768703e-01
9.18282568e-01
-2.33592081e+00
-1.31463540e+00
2.29691815e+00
-1.48651063e+00
-1.15635499e-01
1.23629713e+00
-2.31702852e+00
-1.24832582e+00
-1.20670211e+00
-2.01246113e-01
5.12928963e-01
-2.04414105e+00
-2.63888747e-01
1.19773543e+00
-1.77536380e+00
1.72862804e+00
-8.42209339e-01
-4.65031564e-01
1.54502606e+00
-7.20482826e-01
-9.57401514e-01
1.21769512e+00
-9.43606377e-01
-2.49790668e+00
3.61683637e-01
-9.74785089e-01
3.27812403e-01
-4.90646362e-02
-2.25169849e+00
1.54206979e+00
-1.46318138e+00
-6.30159974e-01
3.28648925e-01
9.96795297e-02
-6.50580466e-01
-1.63830304e+00
-3.19715649e-01
8.29974592e-01
-9.41928744e-01
-1.07339132e+00
-6.89875066e-01
-4.36588943e-01
-5.19234776e-01
-4.43634808e-01
1.79986417e-01
-4.18224394e-01
-3.40751946e-01
-5.47506988e-01
1.23970211e-01
-1.10065722e+00
-7.65399277e-01
-8.14085245e-01
2.28776336e-01
9.10650194e-02
-1.36686653e-01
-1.67409360e-01
-5.17597795e-02
2.52991498e-01
-1.79745603e+00
2.07748711e-01
2.19410002e-01
3.73410404e-01
-2.02133298e-01
-4.19841528e-01
-5.46335161e-01
1.01609671e+00
1.42883575e+00
-8.03195238e-02
-1.94658756e+00
-1.17553389e+00
1.06801045e+00
1.78665781e+00
2.83807099e-01
-6.20871484e-01
-4.25231814e-01
3.52544427e-01
8.96521807e-01
6.33848965e-01
6.05059087e-01
1.29023105e-01
-2.44133130e-01
4.41688120e-01
-6.64131463e-01
-1.06603658e+00
-1.46005607e+00
-5.47890246e-01
-5.72633743e-02
7.56914914e-01
7.13372529e-01
7.31787145e-01
-7.46915877e-01
-1.44493544e+00
-6.19548082e-01
5.76636255e-01
1.23763919e+00
2.65313864e-01
-7.30269849e-02
6.45654917e-01
1.62975836e+00
-4.00471091e-02
-1.85000527e+00
-4.39383477e-01
8.96268487e-01
1.55542719e+00
9.52275395e-01
8.63407403e-02
-2.53631324e-01
3.73399347e-01
1.11391664e+00
2.75012463e-01
2.05233008e-01
-4.21848625e-01
1.48373902e-01
7.91139007e-02
-8.92263651e-02
-3.20690185e-01
-1.06850123e+00
3.67557585e-01
1.28148353e+00
7.44419992e-02
7.37410426e-01
2.11425710e+00
-5.43656707e-01
-2.00411588e-01
1.33883953e-01
6.38811707e-01
1.70875895e+00
5.43771684e-03
1.70239341e+00
-1.14632034e+00
-3.23973465e+00
8.19195747e-01
2.22661066e+00
8.24060917e-01
-9.38639641e-01
-1.81261849e+00
-9.02596295e-01
6.78849101e-01
-2.30675966e-01
2.53149211e-01
-1.17853773e+00
-1.31941104e+00
5.61354339e-01
-9.55327868e-01
6.67133629e-01
-4.56713736e-01
-9.95242715e-01
1.91519642e+00
1.17032337e+00
-7.02991128e-01
-3.99123073e-01
8.09723973e-01
-2.57551813e+00
-2.43476480e-01
-1.24010205e+00
2.17022657e+00
3.66820991e-01
-1.42375743e+00
-1.54039478e+00
4.36644405e-02
1.21964216e+00
8.54439199e-01
-1.39040768e+00
-8.37443113e-01
1.75707078e+00
1.75754154e+00
8.24971795e-02
-1.35994685e+00
-3.41053456e-01
1.20886147e+00
1.55124736e+00
7.47184753e-01
2.86027938e-01
2.70096481e-01
2.91280985e-01
5.68073809e-01
8.94073963e-01
7.23875523e-01
5.13521791e-01
5.17068684e-01
2.26063251e+00
6.05747819e-01
-3.52062315e-01
5.84382951e-01
-1.96845680e-01
-7.43358254e-01
1.13415444e+00
1.22538888e+00
1.99370766e+00
7.44906425e-01
-9.37927485e-01
2.16641307e-01
2.81684697e-01
1.10703146e+00
1.83923590e+00
7.42306828e-01
-2.08758116e+00
-1.11214542e+00
1.43418360e+00
2.49061728e+00
4.79078054e-01
-9.87348080e-01
-8.70614409e-01
4.90180463e-01
1.32754171e+00
5.94613433e-01
9.35177445e-01
-2.51184642e-01
-3.51371676e-01
3.53724360e-02
-1.13184726e+00
-4.01455194e-01
-1.42765713e+00
-2.71764845e-01
1.41439271e+00
1.76143515e+00
7.94548750e-01
1.69865441e+00
-1.58892763e+00
-1.12449884e+00
-2.39174008e-01
7.28739202e-01
2.56189108e+00
6.84357285e-01
-9.77593958e-01
-1.19106293e+00
4.38005850e-02
1.17030489e+00
1.27983868e+00
-7.73565888e-01
-1.18694580e+00
-7.28687346e-01
1.10990834e+00
6.21311307e-01
5.76703668e-01
-2.99955845e-01
-4.94011283e-01
5.63064635e-01
1.64470151e-01
1.16385007e+00
5.24492979e-01
4.28374827e-01
1.72530615e+00
1.66127652e-01
2.52169698e-01
-7.23897994e-01
-1.01928687e+00
-1.80074370e+00
4.12986338e-01
-9.79777634e-01
2.42910290e+00
-2.16588125e-01
-4.23480690e-01
-1.29538429e+00
-5.71334004e-01
2.62942612e-01
-6.21465921e-01
-3.59979600e-01
1.13393211e+00
3.30245495e-01
-1.35019851e+00
-8.44166100e-01
7.71991909e-02
5.88546872e-01
7.15386927e-01
-1.53016114e+00
-7.88245678e-01
-6.73125923e-01
-2.12320730e-01
5.38518906e-01
4.00184810e-01
7.81865120e-02
5.33874094e-01
-9.61527109e-01
8.44800770e-02
-1.87380171e+00
-1.06820822e+00
-1.55150914e+00
-3.96102637e-01
-6.06064677e-01
1.18377542e+00
-1.70068398e-01
-8.33564997e-01
-2.09806585e+00
-1.42302585e+00
-1.06222415e+00
1.05157733e+00
-5.54343402e-01
-3.34424317e-01
-3.31957996e-01
8.64605606e-01
-3.19568992e-01
-2.62173390e+00
-1.48441279e+00
-3.84545684e-01
3.05417717e-01
-2.12206572e-01
-1.67807412e+00
-8.79606843e-01
-3.18063438e-01
5.51343739e-01
4.49847221e-01
2.71618366e-01
-7.93761015e-01
-2.97687650e-01
-1.34461570e+00
-9.28448796e-01
-1.47712529e+00
-1.41505098e+00
-1.32278895e+00
4.78495181e-01
5.83788157e-02
1.07000887e-01
4.05480564e-01
-1.81329346e+00
-1.39685631e+00
-5.46019375e-01
-9.24223661e-03
1.92092466e+00
-3.47368240e-01
4.05237019e-01
4.24998224e-01
1.85315609e-01
2.69522458e-01
-1.84818578e+00
-1.35831344e+00
1.10940015e+00
7.48775423e-01
1.13843465e+00
-5.32195151e-01
-3.66607904e-02
7.05192745e-01
5.63293219e-01
9.98273715e-02
6.15918696e-01
-9.85342443e-01
5.08139729e-01
-2.96707273e-01
-1.96952179e-01
-1.00212443e+00
-2.34646499e-01
-1.16148233e+00
8.43339562e-01
1.64731756e-01
5.82242846e-01
6.73584998e-01
2.36740932e-01
-1.16506159e+00
1.06999111e+00
-7.08429575e-01
1.95285273e+00
-3.51429462e-01
-3.22640270e-01
-7.91260421e-01
1.64640650e-01
1.61353743e+00
1.67089283e+00
9.49497104e-01
8.56725574e-01
8.88337255e-01
6.78270876e-01
-7.98387289e-01
-1.25560951e+00
-1.87601876e+00
-1.88950026e+00
-1.07257628e+00
-6.03035510e-01
4.39853907e-01
-3.41308713e-02
-1.22820258e-01
-1.35476336e-01
-1.07220799e-01
-3.68396699e-01
-8.59767854e-01
-3.63157392e-01
-3.13095093e-01
4.28892076e-01
-5.41535318e-01
-1.73611924e-01
-1.94971430e+00
-2.17494249e+00
-2.84908462e+00
-1.40148091e+00
-8.40612054e-01
-3.05274427e-01
-1.66299808e+00
-6.69163585e-01
-2.13776082e-01
6.48643613e-01
4.98773158e-01
-1.19946671e+00
-1.59294736e+00
-7.84939706e-01
-1.76016450e-01
-1.56325355e-01
-7.28666544e-01
-1.39867067e+00
-9.42999184e-01
-1.54926527e+00
-9.22029972e-01
-6.91845298e-01
-1.23239803e+00
6.93258286e-01
7.92580009e-01
4.17139649e-01
1.13344932e+00
4.49409604e-01
-1.46935809e+00
-7.41939902e-01
-8.41143310e-01
2.71189034e-01
1.41231489e+00
-3.74228269e-01
-1.38698906e-01
-1.06150174e+00
-8.30381513e-01
5.96005440e-01
2.03623027e-01
-1.46551144e+00
-5.57523251e-01
-2.52433228e+00
-7.40317583e-01
2.95646667e+00
4.69344407e-01
-2.84171194e-01
1.04230702e+00
9.28015351e-01
1.99989843e+00
-1.12555373e+00
-1.48515582e+00
-4.44520563e-01
-3.13002014e+00
3.69882375e-01
6.07531071e-01
-2.95516491e-01
5.07766008e-01
-6.32396579e-01
1.93175822e-01
3.48148137e-01
4.01443988e-02
-2.26276970e+00
7.75756836e-01
4.38166052e-01
1.54208636e+00
7.08095670e-01
7.57652521e-03
-6.51432931e-01
-1.96421635e+00
