-2.30279851e+00
-2.11148500e+00
1.42576009e-01
4.92493287e-02
-1.65468544e-01
-2.01749563e-01
-1.59729868e-01
-4.02648747e-01
-2.42650360e-01
-1.19829744e-01
-2.78679252e-01
-2.95213699e-01
-1.80582136e-01
-1.21847808e-01
-1.15341485e-01
2.45920792e-02
9.80059355e-02
1.94644481e-02
-1.22114897e-01
-5.53037375e-02
3.79391551e-01
1.96827322e-01
-2.77698606e-01
-4.06799793e-01
-9.48721707e-01
-1.08503175e+00
-3.68645847e-01
1.53500423e-01
5.52154064e-01
7.12208927e-01
-3.74266601e+00
1.17945433e+00
1.93166065e+00
8.69818509e-01
-2.20474035e-01
1.20186694e-02
-7.69679695e-02
-5.04104078e-01
-2.52187610e-01
-1.33433372e-01
2.24971727e-01
4.65097278e-01
-5.60057871e-02
-3.14694166e-01
-4.11314934e-01
-5.97635090e-01
-7.55635917e-01
-6.71241522e-01
-6.29789352e-01
-8.72798860e-01
-1.00310719e+00
-1.49307001e+00
-1.29416668e+00
-5.44047952e-01
-4.86134022e-01
-3.30590993e-01
-8.59679222e-01
-1.88249290e+00
-2.12394953e+00
-2.68538713e+00
-2.74762988e+00
-2.27414632e+00
-4.81121492e+00
-4.16502619e+00
-1.16131067e+00
-1.02549505e+00
-3.23915631e-01
-1.85348704e-01
-7.73403049e-01
-8.14121485e-01
5.36560416e-01
-1.45927578e-01
-3.31955701e-01
7.17081547e-01
1.70290321e-01
-7.94746280e-02
2.37089783e-01
2.76466578e-01
2.85851508e-01
6.32369876e-01
4.91243869e-01
1.36238098e-01
7.60711432e-01
2.58596212e-01
5.52494764e-01
8.67541432e-01
-2.91285157e-01
6.10432267e-01
7.72983313e-01
1.75705701e-01
1.78338087e+00
1.80618751e+00
1.74626720e+00
2.56308389e+00
7.29404306e+00
5.89576340e+00
-7.01794744e-01
-1.44599009e+00
-1.83963752e+00
-1.98063898e+00
-1.99191141e+00
-1.89239264e+00
-2.19019175e+00
-2.57721543e+00
-2.51878548e+00
-2.19239855e+00
-2.76847005e+00
-3.12350559e+00
-3.16085100e+00
-3.34487963e+00
-3.42476678e+00
-3.49283433e+00
-3.52868104e+00
-3.53624511e+00
-3.60911131e+00
-3.67729592e+00
-3.86721992e+00
-3.72013593e+00
-3.75213313e+00
-3.82350111e+00
-4.34411192e+00
-4.95060253e+00
-4.92758894e+00
-4.97807932e+00
-4.96303844e+00
-4.48067999e+00
-6.73085546e+00
-3.75460958e+00
3.68890691e+00
3.21897674e+00
2.59230781e+00
2.92657423e+00
3.25443268e+00
3.56210160e+00
3.82240510e+00
3.94900179e+00
4.09942150e+00
4.29087400e+00
4.62880707e+00
4.83802843e+00
4.92354012e+00
5.02656412e+00
5.09354925e+00
5.16685724e+00
5.32914734e+00
5.58276987e+00
5.72507668e+00
5.79247093e+00
6.09918261e+00
6.62903643e+00
7.40305614e+00
8.11003685e+00
8.46914196e+00
8.31031799e+00
7.68938160e+00
7.07491636e+00
6.71324921e+00
6.42619419e+00
2.03245831e+00
-3.75122142e+00
1.94804490e+00
1.33586109e+00
-1.77556098e-01
-1.71143532e-01
-2.05883235e-01
3.82822752e-02
1.18299976e-01
-4.30796474e-01
-9.21319127e-01
-6.94690704e-01
-6.09038472e-01
-7.38596559e-01
-8.50060225e-01
-9.99265790e-01
-1.10042834e+00
-1.22522664e+00
-1.35769355e+00
-1.30675924e+00
-1.10926163e+00
-1.06719363e+00
-1.33409166e+00
-1.36753225e+00
-1.21816933e+00
-8.87494802e-01
-7.94722199e-01
-1.25931025e+00
-1.81054723e+00
-2.42215943e+00
-2.85720873e+00
-2.82128882e+00
-4.75162888e+00
-5.65512848e+00
-2.70336461e+00
-2.17570662e+00
-9.75326777e-01
-1.12428486e+00
-1.04423523e+00
-1.45115948e+00
-2.04648137e+00
-1.28669381e+00
-1.00157106e+00
-1.60582530e+00
-1.65078795e+00
-1.57793629e+00
-1.62382174e+00
-1.58080220e+00
-1.53039730e+00
-1.54857802e+00
-1.41939604e+00
-1.54335546e+00
-2.03095412e+00
-1.72426331e+00
-1.82980537e+00
-2.01763678e+00
-2.09352589e+00
-3.11939335e+00
-3.40491295e+00
-2.84172106e+00
-2.64825392e+00
-1.81853199e+00
-1.36666250e+00
-1.45843685e+00
-2.68351293e+00
6.70077038e+00
-1.70324636e+00
-9.14037108e-01
5.80486178e-01
4.67320383e-01
5.16682744e-01
6.37373090e-01
4.77536470e-01
5.73950768e-01
8.03115726e-01
7.52046347e-01
6.33597076e-01
6.97250366e-01
8.54591012e-01
9.79104877e-01
1.09927464e+00
1.18244982e+00
1.27051342e+00
1.33974802e+00
1.25971127e+00
1.46648312e+00
1.65664041e+00
1.46176386e+00
1.30754042e+00
1.10299170e+00
9.81285274e-01
1.41931617e+00
2.05853963e+00
2.70073915e+00
3.04840302e+00
3.06664324e+00
2.70595074e+00
4.82386112e+00
3.47310305e+00
2.12730885e+00
2.00080782e-01
4.40719008e-01
6.03536546e-01
5.12565434e-01
4.55751151e-01
4.91040230e-01
3.53531361e-01
2.46184468e-01
2.48368055e-01
1.14037722e-01
-1.15272880e-01
-3.04008156e-01
-4.68837827e-01
-5.82333207e-01
-5.47173738e-01
-5.26799917e-01
-6.52690172e-01
-7.38154769e-01
-6.96678281e-01
-1.69624627e-01
4.17340994e-01
5.35506129e-01
3.13867629e-01
-5.42474747e-01
-1.72992373e+00
-2.54293489e+00
-2.90540314e+00
-2.90738034e+00
-8.20904732e+00
-1.06186371e+01
9.19964761e-02
1.85727227e+00
2.80547333e+00
2.91032839e+00
3.08498025e+00
3.39403486e+00
3.84925199e+00
4.23417377e+00
4.50347519e+00
4.75632763e+00
5.14568233e+00
5.55733109e+00
5.93900490e+00
6.29530287e+00
6.59551334e+00
6.81765699e+00
6.92956114e+00
7.10061693e+00
7.46005106e+00
7.63004208e+00
7.74050808e+00
7.70518875e+00
7.79814196e+00
8.33680534e+00
9.30146790e+00
1.04098167e+01
1.12527485e+01
1.16278601e+01
1.15827160e+01
1.12762642e+01
1.64139748e+01
1.26089554e+01
3.39115858e+00
3.28722763e+00
2.65007520e+00
2.94784260e+00
3.40232491e+00
3.60092807e+00
3.72445107e+00
4.18679619e+00
4.43961668e+00
5.10956621e+00
5.32669735e+00
5.37577724e+00
5.59271622e+00
5.71315622e+00
5.81122303e+00
5.89032412e+00
6.17160130e+00
6.40421915e+00
6.49089718e+00
6.52207375e+00
6.46211338e+00
7.35856676e+00
8.20682049e+00
8.88578892e+00
9.54357719e+00
9.23555374e+00
8.73492241e+00
8.40590477e+00
7.77917290e+00
7.76004124e+00
5.36074781e+00
-8.06322336e-01
1.87076187e+00
1.12622452e+00
-1.71894878e-01
1.03700459e-01
3.50729764e-01
3.76607835e-01
5.17353952e-01
7.59394944e-01
5.35684884e-01
7.29105890e-01
5.89019239e-01
3.94152105e-01
4.01320815e-01
3.37254286e-01
3.04006994e-01
3.04594159e-01
4.48320508e-01
4.78425205e-01
4.78395879e-01
6.21427357e-01
6.37200177e-01
1.38360763e+00
1.80895877e+00
1.97292566e+00
2.10905242e+00
1.42869020e+00
8.69950354e-01
6.06955945e-01
1.92839265e-01
4.34752166e-01
-3.83651757e+00
-5.87032604e+00
1.71236944e+00
1.87605906e+00
8.50663066e-01
9.26052213e-01
1.29192817e+00
1.57197952e+00
1.30697334e+00
1.50175190e+00
1.17664051e+00
1.11747420e+00
1.50500095e+00
1.56469250e+00
1.55038786e+00
1.57520878e+00
1.61027396e+00
1.47933912e+00
1.58100808e+00
1.82668388e+00
1.81582868e+00
2.20948076e+00
1.98672974e+00
2.10986161e+00
2.76297855e+00
2.81298661e+00
3.27282858e+00
3.33728099e+00
2.53706026e+00
2.39094567e+00
1.94617224e+00
1.65865183e+00
-9.50503290e-01
-4.13422680e+00
1.27635872e+00
1.69370747e+00
1.13237381e+00
1.06898499e+00
1.02416587e+00
5.81599295e-01
3.16631377e-01
5.30410051e-01
9.73925829e-01
1.40426719e+00
1.71838486e+00
1.74870777e+00
1.65643191e+00
1.56835711e+00
1.42403555e+00
1.35452724e+00
1.38777077e+00
1.28821552e+00
1.05368543e+00
5.17025769e-01
1.31986931e-01
2.67020524e-01
5.72866261e-01
7.29048371e-01
7.78876305e-01
3.94785285e-01
-2.18513742e-01
-7.49109864e-01
-1.14199066e+00
-1.27752197e+00
3.26956809e-01
-1.12130356e+00
-4.82707119e+00
-5.39299917e+00
-5.33748579e+00
-5.77536488e+00
-6.45054674e+00
-7.02609825e+00
-7.20913124e+00
-7.72177076e+00
-8.39062119e+00
-8.74560452e+00
-9.24879360e+00
-9.71858501e+00
-1.00411577e+01
-1.03388700e+01
-1.05936155e+01
-1.08007059e+01
-1.11841068e+01
-1.16711025e+01
-1.17970924e+01
-1.20945072e+01
-1.26061831e+01
-1.33386974e+01
-1.46783514e+01
-1.56810827e+01
-1.63079453e+01
-1.66333447e+01
-1.61742134e+01
-1.56930408e+01
-1.53127842e+01
-1.48028336e+01
-7.87283945e+00
-1.62154675e+00
-1.27743661e+00
-1.04870534e+00
3.75238687e-01
2.44247407e-01
2.38654733e-01
3.77677172e-01
1.55081183e-01
2.74958313e-01
-8.19914341e-01
-1.61818564e+00
-2.84983695e-01
1.61162555e-01
3.63548547e-02
2.42776394e-01
2.97250628e-01
9.09836888e-02
5.98215312e-02
2.07324058e-01
1.75017476e-01
9.95720863e-01
7.37126708e-01
-2.14110911e-01
-3.07990253e-01
-8.90730619e-01
-8.14129636e-02
9.29855227e-01
3.26670796e-01
8.70068312e-01
7.11259007e-01
-2.82861978e-01
-1.66341710e+00
2.27764189e-01
