8.43616791e+01
1.42403381e+02
3.21226997e+01
1.72443085e+01
9.92456665e+01
8.43225937e+01
3.60572205e+01
2.08691101e+01
3.63521729e+01
5.50503769e+01
1.05544519e+01
5.47127247e+00
1.16069622e+01
1.49957008e+01
1.79855003e+01
1.28452942e+02
6.78964310e+01
1.40738277e+01
1.14189692e+01
1.72426853e+01
2.53689137e+01
6.31673288e+00
5.20539331e+00
9.64250469e+00
3.32795563e+01
3.53625031e+01
1.37150078e+01
5.67407131e+00
1.43328514e+01
3.30121193e+01
3.06561279e+01
5.32565641e+00
-9.57389057e-01
-1.09959543e+00
-1.28617322e+00
-1.46435022e+00
-1.90575993e+00
-2.61272478e+00
-3.32187867e+00
-3.87644982e+00
-4.19059610e+00
-4.41178322e+00
-4.68634272e+00
-4.96098566e+00
-5.15259266e+00
-5.33901262e+00
-5.44407988e+00
-5.33041525e+00
-4.92920256e+00
-4.38730001e+00
-3.91454387e+00
-3.54540968e+00
-3.21978402e+00
-2.91755724e+00
-2.64961982e+00
-2.39724278e+00
-2.15099478e+00
-1.95909214e+00
-1.82001436e+00
-1.62700951e+00
-1.35077453e+00
-1.06643045e+00
-7.51300573e-01
-4.45045382e-01
