-8.17541242e-01
-7.47095704e-01
-7.54312456e-01
-7.55990982e-01
-5.74107945e-01
-6.12719595e-01
-7.72210181e-01
-6.95940435e-01
-5.89722872e-01
-5.97596943e-01
-5.79922795e-01
-5.54770231e-01
-6.43814147e-01
-7.65565872e-01
-4.21071172e-01
-4.53966200e-01
-5.46837568e-01
-7.23162174e-01
-5.88566542e-01
-4.93436933e-01
-4.74201679e-01
-5.69371700e-01
-5.78116357e-01
-7.33763158e-01
-3.39172304e-01
-3.81316006e-01
-6.37178779e-01
-4.71155643e-01
-5.73873878e-01
-6.38360322e-01
-6.46450758e-01
-6.89893544e-01
1.27360141e+00
1.27784777e+00
1.28701913e+00
1.26797938e+00
1.21628988e+00
1.17177296e+00
1.19995165e+00
1.31924045e+00
1.45349920e+00
1.53168905e+00
1.55956376e+00
1.59060454e+00
1.68098235e+00
1.84284997e+00
2.04998779e+00
2.25307894e+00
2.42006922e+00
2.55894637e+00
2.68370938e+00
2.80503058e+00
2.93086505e+00
3.05043268e+00
3.14249325e+00
3.22480774e+00
3.34283996e+00
3.50571251e+00
3.68326402e+00
3.83996582e+00
3.97819114e+00
4.15617847e+00
4.40603733e+00
4.69332314e+00
