1.90642214e+00
-3.62899303e-02
3.35846496e+00
2.40164852e+00
5.84674478e-01
1.84530878e+00
3.79264981e-01
4.08433557e-01
-4.83758152e-01
-3.94717753e-01
2.93624187e+00
2.41236687e+00
-2.01889825e+00
4.40569699e-01
3.05690837e+00
-2.99709618e-01
-2.89707589e+00
1.28169954e-01
-2.80082464e+00
-2.03978562e+00
-2.88395572e+00
-3.13228106e+00
-1.42390347e+00
1.74658716e-01
9.55450311e-02
-1.52539670e+00
-2.30591464e+00
-1.86728466e+00
2.81038225e-01
-2.93770838e+00
-3.70990539e+00
1.41103625e-01
1.37746835e+00
-3.21399283e+00
1.80911672e+00
4.74573523e-01
-8.19527984e-01
6.76759362e-01
-7.67037749e-01
-1.98726237e+00
-8.88059616e-01
-2.23836040e+00
7.22416043e-02
9.08667207e-01
-2.71017623e+00
-1.62220275e+00
1.38980997e+00
-1.54441881e+00
3.90234470e-01
-1.84583020e+00
3.34167027e+00
2.79103398e-01
-1.50559950e+00
-1.21192336e+00
-1.38817024e+00
-6.07561469e-01
-4.23741937e-02
-1.55348349e+00
2.88814604e-02
4.55218077e-01
-2.37280226e+00
-1.34811425e+00
-6.64754391e-01
-1.56800604e+00
2.78330255e+00
1.30825686e+00
-1.31045449e+00
-1.46558964e+00
-4.17714298e-01
7.65382767e-01
1.67749560e+00
-6.72563136e-01
-1.09807670e-01
-4.85015720e-01
-6.05554044e-01
-5.33899724e-01
-6.35277808e-01
-7.75370657e-01
2.51015902e-01
-1.91869295e+00
-1.24173737e+00
-5.00396788e-02
-3.75530767e+00
-4.16927147e+00
-3.61006117e+00
-3.06965661e+00
-2.40367675e+00
-1.52146864e+00
-4.24224615e-01
1.55484891e+00
-1.49929047e+00
-3.35068297e+00
-1.96912479e+00
-1.04222393e+00
-5.28144169e+00
-3.38677382e+00
-1.90002143e-01
-3.17393273e-01
-2.89243877e-01
-2.28846371e-01
-1.37546211e-01
-1.22065373e-01
-1.71630472e-01
-1.28774986e-01
-1.28398746e-01
-2.07800701e-01
-1.95810169e-01
-2.20347479e-01
-1.37035549e-01
-1.53359279e-01
-2.10791007e-01
-1.37270451e-01
-1.32905817e+00
1.33670092e+00
-4.73864126e+00
-1.48655975e+00
-9.20732081e-01
-3.43815780e+00
-2.20246744e+00
-6.98080301e-01
-1.04295409e+00
3.26676458e-01
-3.31319594e+00
-3.72458458e+00
1.47036231e+00
-9.71566260e-01
-5.51434898e+00
-1.84401143e+00
-3.92148042e+00
-2.06638074e+00
-7.47021735e-01
-4.26201582e-01
-8.20518732e-01
1.35547966e-01
-1.76951635e+00
-8.94420683e-01
1.61273706e+00
1.03205812e+00
4.86021459e-01
-2.43613076e+00
-2.59319091e+00
-1.16144121e+00
-9.20835435e-01
-2.77925730e+00
-1.34425271e+00
-1.31834030e-01
-1.17733431e+00
-3.41664732e-01
9.31131840e-03
3.01837683e-01
-1.46558285e-01
-2.21037209e-01
1.82259190e+00
1.64280844e+00
8.18590164e-01
-1.46038723e+00
-1.23528981e+00
-6.62873387e-02
-1.54045963e+00
-1.12544322e+00
-2.14730787e+00
1.35133207e+00
-1.35724211e+00
-4.16887617e+00
-8.33024025e-01
-2.14023733e+00
-1.28340924e+00
-2.17417300e-01
1.53667524e-01
3.25873923e+00
6.60600066e-01
-3.25456166e+00
-1.62545609e+00
1.27899218e+00
-2.98598719e+00
-3.03294253e+00
1.21062219e+00
-2.70492887e+00
2.40452981e+00
-3.49219620e-01
-1.94261432e-01
1.76517940e+00
-6.75942481e-01
-1.32587504e+00
-8.09156597e-01
-7.93127596e-01
2.87400699e+00
2.23628116e+00
-3.06363416e+00
1.00801110e-01
2.70007110e+00
-5.46026170e-01
2.65088677e-01
-2.47006869e+00
-1.17587805e+00
2.93596327e-01
-9.66145933e-01
3.19051981e-01
-2.40235671e-01
-8.73803139e-01
-1.09809494e+00
-1.39250565e+00
-1.24201465e+00
4.78837609e-01
-7.32318819e-01
-1.29298520e+00
1.70648962e-01
-2.02723920e-01
4.97363615e+00
-2.60332322e+00
2.78902364e+00
-3.19923902e+00
-8.59588563e-01
9.05978262e-01
-1.78340268e+00
-1.40070057e+00
-2.60650188e-01
-1.27052319e+00
1.70773709e+00
1.03555977e-01
-2.15531063e+00
3.44726682e-01
8.77192736e-01
-2.78919458e+00
1.87263712e-01
3.37989628e-01
2.15350032e+00
2.73702383e+00
3.60440254e+00
1.63648760e+00
1.14094412e+00
1.27683985e+00
1.44848788e+00
1.61396527e+00
3.28112662e-01
-6.68775886e-02
1.93342578e+00
2.82319474e+00
8.06303263e-01
2.38533184e-01
2.01348710e+00
-2.94980311e+00
-1.89800107e+00
-5.12960672e-01
-6.43771648e-01
8.25244784e-02
1.68995425e-01
-9.65040207e-01
-2.60108089e+00
-2.84259844e+00
-1.61924148e+00
1.33790159e+00
-1.05078876e+00
-2.04063606e+00
1.15935218e+00
4.89880443e-01
-1.01472044e+00
-6.72405362e-01
-2.50026488e+00
-8.27201128e-01
-3.80875975e-01
-1.69048870e+00
-1.24414945e+00
-4.04612809e-01
-8.90129626e-01
-9.81718242e-01
-2.32725263e+00
-1.48807323e+00
7.44597316e-02
-1.51716307e-01
-2.99323273e+00
1.73019111e-01
1.19916856e-01
-6.12205982e-01
-3.79072934e-01
-1.25173235e+00
-3.58629465e-01
-1.14829159e+00
5.62012136e-01
7.27797806e-01
-1.60208249e+00
-3.77130222e+00
-3.19560456e+00
-8.62007499e-01
-2.25509450e-01
-2.52087188e+00
-1.88492990e+00
1.02239084e+00
-6.81426525e-02
-6.99701384e-02
-7.73840174e-02
-7.88259655e-02
-5.76578528e-02
-5.90272881e-02
-6.42901957e-02
-5.96891716e-02
-5.68521768e-02
-3.70868035e-02
-3.74377705e-02
-5.32936677e-02
-6.66321889e-02
-5.42668700e-02
-7.59543702e-02
-4.03492488e-02
2.76132035e+00
-4.51060486e+00
3.86966276e+00
-1.31059635e+00
-2.70885968e+00
9.02038932e-01
-1.03484046e+00
-2.39625502e+00
-7.85406530e-01
-1.57319391e+00
2.39540195e+00
2.33471203e+00
-4.32383728e+00
-1.05539691e+00
2.64443302e+00
-1.63642931e+00
-7.18001270e+00
5.25217390e+00
-9.33370018e+00
2.07463336e+00
3.73172790e-01
-3.78836584e+00
7.83973575e-01
5.91972888e-01
-2.58638287e+00
3.32726628e-01
-5.03516865e+00
-3.16291285e+00
2.51612926e+00
-3.60729241e+00
-5.55208206e+00
4.74665880e+00
2.69035769e+00
2.23372906e-01
-2.88911629e+00
-2.34145951e+00
-8.37207198e-01
1.01509655e+00
1.72227931e+00
-1.24338078e+00
-4.17043746e-01
1.48699975e+00
1.05607271e+00
1.36616990e-01
-1.48204815e+00
1.63024351e-01
9.91392434e-01
-7.79553294e-01
-8.97156894e-02
-3.41989726e-01
1.68635666e-01
-4.90559578e-01
-2.25950551e+00
-5.00425756e-01
6.98820949e-02
-9.86255288e-01
-5.80510139e-01
-8.46030712e-01
2.41868079e-01
-1.26700431e-01
-1.66185117e+00
-2.29008198e+00
3.46137166e-01
-1.67746305e+00
6.50917709e-01
1.26721978e-01
2.59626675e+00
1.54354584e+00
2.21782476e-01
1.31577170e+00
5.25049567e-02
-4.06461239e-01
1.11368895e-02
-6.58784747e-01
1.78671765e+00
1.42474258e+00
-1.28556597e+00
-4.27473187e-02
1.66940880e+00
-2.73500025e-01
-7.08560586e-01
-1.37672794e+00
-1.78933576e-01
1.06512856e+00
7.60551155e-01
5.87032497e-01
-6.29327446e-02
-8.02874863e-01
-1.20114899e+00
-5.38103282e-03
2.26528227e-01
5.55505276e-01
-1.07352185e+00
-1.15808710e-01
1.31403708e+00
-1.32889402e+00
-5.38048208e-01
2.20723581e+00
3.67614913e+00
-3.84386301e-01
6.35420680e-01
3.99723589e-01
-3.79016459e-01
1.04634786e+00
1.32560050e+00
1.63973105e+00
3.47172809e+00
-3.42522085e-01
-5.77303886e-01
1.74358952e+00
1.10908079e+00
-9.84221339e-01
-1.13780355e+00
-2.26993823e+00
-1.95405412e+00
-2.21106553e+00
-2.20867276e+00
-2.29877025e-01
-6.10282779e-01
6.65701926e-03
-4.71595049e-01
-6.34419858e-01
-5.37466049e-01
-9.90509510e-01
-2.13105893e+00
-6.70313120e-01
-4.34757233e-01
1.66948617e-01
-3.90369987e+00
-1.49304187e+00
-3.49287653e+00
1.77302670e+00
1.36857903e+00
-7.20472932e-01
-1.05532765e+00
-1.18613791e+00
-1.32685864e+00
-1.94166875e+00
-3.16346073e+00
-9.59358811e-01
2.32558203e+00
-2.50090742e+00
-1.99543190e+00
7.37343311e-01
-1.83664966e+00
-6.54889345e-02
-2.52282333e+00
5.31148911e-01
1.37006712e+00
-1.03576529e+00
1.09025681e+00
6.16555333e-01
-2.76603675e+00
-3.86824703e+00
-3.84028745e+00
7.35934019e-01
2.11859727e+00
-1.73299813e+00
-1.44911861e+00
3.49178863e+00
1.25016868e-02
-9.71362114e-01
-1.24079275e+00
-2.75750637e+00
-4.98467779e+00
-1.56690156e+00
3.20141971e-01
-2.51568049e-01
-6.02376461e-01
-1.00700152e+00
5.60610116e-01
1.09938228e+00
-2.75983429e+00
-2.75065351e+00
-6.74404740e-01
3.15995157e-01
-1.66064906e+00
-3.81309509e+00
-4.41866875e+00
-3.72477603e+00
-2.49128175e+00
-2.42112494e+00
-1.44857955e+00
-2.65248537e+00
-4.59959698e+00
-5.16874599e+00
-5.07071066e+00
-1.43643105e+00
-2.55571294e+00
-5.28332615e+00
-3.05467153e+00
1.21343255e-01
-2.01253772e+00
-2.81627822e+00
2.54333663e+00
-3.98005366e+00
1.97364473e+00
2.48559415e-02
-2.54256368e+00
7.76213646e-01
1.61512578e+00
-7.48616338e-01
9.04073238e-01
-2.18234134e+00
1.51113063e-01
2.40427327e+00
-1.69801295e+00
-1.76952922e+00
