-0.688801289
-1.2399708
-0.379684657
-0.839636207
-1.38116908
-1.67104828
-2.3885839
-3.44553208
-4.20327377
-4.75698328
-5.09529638
-5.53371048
-6.54734421
-7.4402566
-7.74233818
-2.89583588
-0.623920023
1.54741943
-0.465103626
-0.514794469
-0.223347917
-0.559533
-0.92927134
-0.923372626
-1.0872606
-1.21455371
-1.67569995
-2.00340962
-2.23151946
-2.32050037
-1.94699693
-1.55663419
0.0184044372
-0.412708074
0.893090308
0.999874711
0.393260956
0.836906254
1.08922541
0.555159807
0.321082771
0.294106871
0.199112713
0.417223573
0.428095758
0.369853765
-2.03481698
-3.36311579
1.10759711
0.716054857
1.4956497
1.57773197
1.14144707
1.42178273
1.62254
1.204849
1.24972773
1.30221081
1.35202277
1.52265322
1.38839364
1.71176612
0.929251194
-1.76434684
2.01222801
0.72181356
1.34306622
1.26587558
1.25881302
1.60984504
1.61204839
1.74242675
1.46491444
1.50434601
1.47925556
1.32952607
1.80387449
2.1073606
2.01084828
-4.2992363
-1.14420664
-2.28831625
-0.885847747
-1.31842864
-1.44602656
-1.64796507
-2.18804765
-2.64810753
-2.78524995
-2.70608139
-2.62718272
-2.94259906
-3.42417598
-3.71243286
-1.44259489
-1.25633144
-0.187822312
-0.111852624
-0.161861286
-0.169939712
-0.15077655
-0.161137402
-0.169177487
-0.168232858
-0.178323522
-0.173871174
-0.197537571
-0.199761838
-0.208771333
-0.22612001
-0.330617219
-0.237990886
1.50263286
-1.34866738
-0.900385261
-0.854746222
-0.760730624
-1.03889072
-1.03998601
-1.06040978
-1.24701488
-1.51481402
-1.59211171
-1.85802519
-2.15767479
-2.33104944
-0.740329266
-4.8749485
-4.11084509
-0.436596334
0.550545633
-0.192171186
-0.610338807
-0.814732671
-1.72080338
-2.09123468
-1.61549401
-1.13900959
-0.874306083
-0.883604169
-1.12906694
-1.5975498
0.306475908
1.74496698
-3.33163071
-2.95230174
-2.23881531
-2.79591322
-3.34003568
-3.91978383
-4.94520617
-5.95837021
-6.46500206
-6.67951155
-7.0622921
-7.5467515
-8.38585377
-9.57665443
-7.6575551
-5.23970079
-3.44721198
-0.87845093
-0.277175307
-1.12692237
-0.936413825
-1.09341633
-1.88865769
-2.21330476
-2.23788381
-1.98306084
-1.66330373
-2.10634708
-2.41018367
-2.42901945
-0.873577118
2.79633164
-2.55701423
-2.86872959
-2.02407312
-2.57475328
-3.21663594
-3.37931132
-4.28777361
-5.53590059
-6.15257597
-6.78212214
-7.2341342
-7.66447115
-8.65244293
-9.5397892
-11.6355619
-5.15373802
1.92108011
0.731884181
1.30408144
1.68063378
1.68213463
1.95695138
2.66467142
2.92420411
3.14121556
3.47398591
3.58904791
4.00633955
4.55784416
4.93702745
2.17494726
0.0452294946
-0.189393744
-2.57486367
-1.99604082
-1.78710413
-2.17238259
-1.94784284
-1.87152231
-2.39642787
-3.05087113
-3.56207538
-4.1065464
-4.11924791
-4.45636702
-4.86182117
-5.65364933
-7.52251768
-1.11098933
-1.24849629
-0.918895185
-0.754853785
-0.944017231
-0.921681762
-0.655948043
-0.856262565
-0.728802919
-1.03288734
-0.915430725
-0.598829865
-0.873139799
-1.22574759
0.524781168
-0.694833636
2.1838038
-0.44264245
0.308755755
0.742690921
0.752162278
1.2911936
1.98273885
2.03821254
1.7314539
1.53797078
1.41165733
1.65163541
1.8918972
2.12642217
-2.0444026
-5.9556303
0.430119127
-1.07265449
-1.34272349
-1.16093254
-1.05981231
-1.27116561
-1.14837527
-0.982116103
-1.02717137
-1.09008038
-1.24056792
-1.23516417
-1.2739557
-1.44863474
-1.11137581
-1.22675729
2.94492364
1.18792427
0.498839259
0.855916917
0.881097734
1.07738054
1.43549931
1.58480704
1.34217703
0.930123031
0.731750011
0.706517994
0.939651787
1.25453079
-0.758654356
-4.75474834
-0.10728775
-0.119789086
-0.123857751
-0.135205805
-0.145176053
-0.164692864
-0.192655832
-0.220880389
-0.24576956
-0.267763287
-0.287430346
-0.310741812
-0.337927312
-0.370077312
-0.386141092
-0.20999904
-2.33032417
-3.26059818
-1.90727055
-1.91262293
-2.81106925
-2.81278396
-2.96058178
-4.08471203
-4.85567951
-5.11281109
-5.5810256
-5.63689661
-6.14155531
-6.90279818
-8.35649681
-3.89406943
1.11558163
-0.422865808
-1.38821101
-1.39923942
-0.653549135
-1.87777913
-2.33806133
-1.70808589
-1.90905702
-2.44733191
-2.34505057
-3.4284575
-3.30009985
-3.39837384
-3.73304296
3.01545405
-1.86820507
-4.320261
-2.14157248
-2.50074744
-2.76798248
-2.64925146
-3.08918476
-3.55539942
-4.20381117
-4.46106291
-4.48293447
-4.77718925
-4.89253521
-5.4275465
-5.14189053
-5.31103563
-0.206181332
-0.930997014
0.271242499
0.128934354
-0.17101641
0.0532722361
-0.0117282569
-0.270423114
-0.381410778
-0.277242243
-0.165153667
-0.200777918
-0.063984111
0.120646432
-0.559201181
-1.40009093
-0.119240083
1.57861102
1.3538686
0.872098982
0.578560948
0.474685997
-0.243789643
-0.857804716
-1.07884049
-1.32724726
-1.60754061
-1.89953697
-2.54700971
-2.92811036
-3.34007525
-1.47483945
-0.973956823
-1.60150707
-0.79280597
-0.778298974
-1.20413029
-1.20762575
-1.2951802
-1.88310111
-1.88023365
-2.17795134
-2.12655091
-2.20708275
-2.61638284
-2.97741151
-3.67071199
-2.1087265
-3.16793633
-1.03580821
-1.7682544
-2.44327807
-2.64590383
-2.95057273
-3.99125099
-4.70815229
-5.21041393
-5.56192446
-5.92893457
-6.49258184
-7.11226416
-7.72861242
-7.75035858
-2.77199078
-2.74666572
-2.76328015
-2.13113809
-2.17330551
-2.17101121
-2.11029291
-2.15494657
-2.19169688
-2.14518118
-1.93447113
-1.83945906
-1.67216408
-1.67636442
-1.77598882
-2.07680202
-0.677178681
-1.35802829
-0.653826773
-1.90479767
-1.80768335
-1.87970567
-2.33222818
-2.49736023
-2.91736221
-3.27156758
-3.91712475
-4.42628002
-4.77384424
-5.14376879
-5.85241318
-7.90109015
-7.43841267
0.745557964
0.279599667
-2.28886557
-2.03750753
-1.49447596
-1.8354342
-1.78654277
-1.54017651
-2.22408843
-3.09824705
-3.71386003
-4.24430513
-4.22922707
-4.35923147
-7.39180422
-7.06945515
-1.36802197
-2.45754385
-2.20917654
-2.28966594
-2.41576648
-2.63736629
-2.93347788
-3.45686412
-4.11951208
-4.2680912
-4.68900251
-5.00660992
-5.23300743
-5.52734804
-6.61842823
-4.20884562
-1.06842387
-2.0479033
-2.82070923
-2.85676217
-2.95661211
-3.29022145
-3.80022645
-4.34422112
-5.37261152
-6.36556196
-7.07955027
-7.92050266
-8.30056477
-8.79293823
-12.5931683
-12.2849722
-3.14310575
2.15074039
-0.322858512
-0.784730852
-0.552549303
-0.401221335
-1.01442599
-1.04553568
-0.565352321
-0.511612654
-0.688148975
-0.58398658
-1.06111872
-1.14642692
-1.45351791
-0.681951404
