-3.77826929e+00
-6.27550554e+00
-6.50326490e+00
-8.27564335e+00
-9.19287968e+00
-1.01114111e+01
-1.05840492e+01
-1.11966162e+01
-1.18192978e+01
-1.30900240e+01
-1.55954533e+01
-1.85154095e+01
-1.91768970e+01
-1.74872551e+01
-1.55756569e+01
-6.44105005e+00
-2.44818830e+00
3.30707133e-01
-3.02424312e+00
-3.35911894e+00
-3.17722082e+00
-2.85444903e+00
-3.53480434e+00
-3.94578815e+00
-4.87618780e+00
-5.95986223e+00
-7.06010818e+00
-7.85987091e+00
-7.49456453e+00
-7.08065510e+00
-3.45674396e+00
-2.95876265e+00
2.36239672e-01
-5.98972917e-01
3.62068266e-01
-3.27862918e-01
-2.86798924e-02
-6.38859272e-02
-4.82955754e-01
-4.72161233e-01
-5.58593392e-01
-9.74887252e-01
4.10992116e-01
-2.95519888e-01
-3.38046265e+00
-4.73893070e+00
-8.30823994e+00
-6.71698427e+00
5.00226200e-01
7.33625591e-02
6.11597478e-01
5.44364393e-01
1.76654124e+00
2.12227750e+00
1.35043192e+00
1.23024940e+00
1.55572391e+00
7.17057407e-01
1.23201632e+00
1.83484101e+00
-3.53429198e-01
-2.10644126e+00
-5.04044056e+00
-4.27452850e+00
1.56026280e+00
1.10009849e+00
1.27772295e+00
2.11423850e+00
2.43772650e+00
1.60332644e+00
1.41903007e+00
1.43976867e+00
8.38752389e-01
5.00720501e-01
1.96637332e+00
1.62202334e+00
-5.27240336e-01
-1.02984428e+00
5.91750145e-01
-9.05095959e+00
-3.72313714e+00
-6.24464703e+00
-4.51857948e+00
-4.78109550e+00
-5.10894871e+00
-5.18726110e+00
-5.14326191e+00
-5.50064278e+00
-6.00535488e+00
-6.85276556e+00
-8.78529930e+00
-9.74075413e+00
-8.92930698e+00
-7.78789616e+00
-2.32426476e+00
-2.72747350e+00
-2.16543093e-01
-1.16613477e-01
-1.82882905e-01
-2.04674870e-01
-2.51534790e-01
-2.57441670e-01
-2.68398017e-01
-2.79302984e-01
-3.07156444e-01
-2.91302413e-01
-3.10906559e-01
-3.82992983e-01
-3.56811643e-01
-3.68024588e-01
-4.92492557e-01
-4.71517146e-01
2.07950044e+00
-2.63184547e+00
-1.67054081e+00
-2.35515881e+00
-2.65311289e+00
-2.72022581e+00
-3.08376408e+00
-3.54981256e+00
-3.72388244e+00
-3.91476774e+00
-5.06624699e+00
-4.41390324e+00
-4.70703650e+00
-6.79819679e+00
-5.24537086e+00
-1.26948013e+01
-9.26808453e+00
-4.55192804e+00
-3.53217649e+00
-3.49936843e+00
-3.16933393e+00
-2.67705083e+00
-2.22086906e+00
-1.65914607e+00
-1.64764464e+00
-1.88433242e+00
-3.22042465e+00
-5.34090042e+00
-4.87122631e+00
-1.83256835e-01
5.67282820e+00
7.97082090e+00
-7.90532875e+00
-9.50997448e+00
-9.13869762e+00
-1.06372643e+01
-1.19765368e+01
-1.26278477e+01
-1.32406340e+01
-1.36266975e+01
-1.40892954e+01
-1.53601151e+01
-1.82419987e+01
-2.17679062e+01
-2.21724377e+01
-1.87684517e+01
-1.00219851e+01
-5.85929394e+00
-6.98401546e+00
-3.95198178e+00
-3.53942060e+00
-3.33871102e+00
-3.80092955e+00
-3.68851924e+00
-3.62739086e+00
-3.39803123e+00
-3.77486777e+00
-3.86812997e+00
-5.07535934e+00
-6.56240177e+00
-6.36094141e+00
-3.85705161e+00
1.81968033e+00
7.64246798e+00
-5.88171244e+00
-8.01887131e+00
-8.31873131e+00
-1.00472727e+01
-1.11998606e+01
-1.25624323e+01
-1.34390736e+01
-1.40804071e+01
-1.48114004e+01
-1.59690838e+01
-1.73061848e+01
-2.07818909e+01
-2.28891277e+01
-2.15276031e+01
-2.14201317e+01
-8.09121227e+00
4.16568995e+00
3.04086041e+00
4.37501383e+00
4.72708893e+00
5.54612350e+00
6.07438326e+00
6.20210361e+00
6.65490866e+00
6.84604549e+00
7.47009563e+00
9.01002598e+00
1.00090532e+01
9.07757854e+00
7.61639643e+00
1.38792682e+00
-1.17506647e+00
-1.81889445e-01
-3.21430349e+00
-2.91144633e+00
-3.91204786e+00
-4.55118227e+00
-6.13009453e+00
-6.79233217e+00
-7.48709202e+00
-7.92941141e+00
-8.35702229e+00
-7.78639030e+00
-8.75663662e+00
-1.09716120e+01
-1.31734314e+01
-1.37628279e+01
-1.46713266e+01
6.52645469e-01
2.62851655e-01
1.23494971e+00
9.89774913e-02
-6.54133260e-01
-4.92929041e-01
7.33910501e-03
-2.12669939e-01
8.58952999e-01
2.03929543e+00
1.34323561e+00
2.02151155e+00
2.95402646e+00
2.21188974e+00
2.23261094e+00
-4.37070704e+00
6.19629002e+00
2.73117805e+00
3.52918148e+00
3.14189577e+00
2.72633266e+00
2.59592485e+00
2.33811474e+00
2.36447430e+00
2.30481076e+00
2.72439790e+00
4.77065563e+00
5.52740049e+00
3.33005357e+00
-3.67761403e-01
-8.92576885e+00
-1.35169764e+01
1.72019887e+00
-1.21336746e+00
-7.95666158e-01
-1.06686330e+00
-1.38959503e+00
-1.25045323e+00
-1.38055086e+00
-1.56425452e+00
-1.47854960e+00
-1.35112476e+00
-1.71333194e+00
-1.35333729e+00
-6.88318610e-01
-1.66851723e+00
-1.57686245e+00
-2.65673566e+00
5.45656729e+00
3.56983113e+00
1.82180333e+00
2.48626542e+00
2.86080933e+00
2.08040690e+00
1.40240526e+00
1.12852192e+00
1.03775573e+00
1.21924138e+00
2.81771135e+00
3.91844296e+00
2.11897469e+00
-6.12380087e-01
-6.27926302e+00
-1.03489513e+01
-2.13641956e-01
-2.79924870e-01
-3.22131157e-01
-3.70817542e-01
-4.20193076e-01
-4.62243944e-01
-4.94121492e-01
-5.26634872e-01
-5.56380033e-01
-5.93936026e-01
-6.65451705e-01
-7.50607848e-01
-7.89252639e-01
-7.76557863e-01
-7.21673369e-01
-3.78768504e-01
-4.19226646e+00
-6.50533962e+00
-5.84567356e+00
-6.86878872e+00
-7.73889542e+00
-8.70506191e+00
-9.49288368e+00
-9.92580509e+00
-1.02499647e+01
-1.13226833e+01
-1.14053411e+01
-1.32351475e+01
-1.58710861e+01
-1.56882172e+01
-1.64929314e+01
-4.16232014e+00
1.84840649e-01
-3.03671813e+00
-3.55050159e+00
-4.04039526e+00
-4.18074703e+00
-4.31264877e+00
-4.77128363e+00
-5.24614286e+00
-5.96297026e+00
-6.29371881e+00
-8.65668678e+00
-8.22602177e+00
-7.26140976e+00
-6.99584723e+00
-6.89804649e+00
3.23024368e+00
-1.96049905e+00
-6.57303190e+00
-3.94309616e+00
-4.27008438e+00
-6.21968079e+00
-7.49925137e+00
-7.35975170e+00
-7.36366987e+00
-7.81670713e+00
-7.68702126e+00
-7.42896748e+00
-9.48701096e+00
-1.08352194e+01
-9.45746899e+00
-4.78839779e+00
-6.30622149e+00
-1.31636310e+00
-2.18813539e+00
-1.10698342e+00
-5.62425792e-01
3.26252580e-02
-4.74807531e-01
-7.90334523e-01
-4.64201450e-01
-6.02219045e-01
-1.03398061e+00
-3.63294363e-01
-1.03793013e+00
-3.09952116e+00
-2.63406706e+00
-1.88588667e+00
1.66878939e-01
-3.16901064e+00
-1.86293542e+00
-3.50696421e+00
-4.19434309e+00
-4.43155050e+00
-4.64651203e+00
-4.83346748e+00
-5.40068817e+00
-5.97434139e+00
-7.48662567e+00
-8.94198132e+00
-1.09203300e+01
-1.11551466e+01
-9.90093231e+00
-9.46640968e+00
-4.87010336e+00
-2.33770800e+00
-3.39816380e+00
-2.24636078e+00
-3.61545825e+00
-3.76684713e+00
-4.07593727e+00
-4.11629915e+00
-4.12856340e+00
-3.79381394e+00
-4.10047007e+00
-5.24600029e+00
-5.87773705e+00
-6.99603987e+00
-6.64568090e+00
-7.30735493e+00
-4.06617308e+00
-7.17947435e+00
-5.14031076e+00
-7.82554531e+00
-8.16249943e+00
-8.95150280e+00
-1.02190065e+01
-1.10657520e+01
-1.13494406e+01
-1.21546040e+01
-1.31029921e+01
-1.44283762e+01
-1.77745819e+01
-1.90717201e+01
-1.67338314e+01
-1.20247755e+01
-1.05053149e-01
-2.36455417e+00
-1.78592837e+00
-1.05700648e+00
-8.76577258e-01
-1.19063365e+00
-1.64947641e+00
-1.36769807e+00
-1.12537587e+00
-7.40621328e-01
-9.70342681e-02
2.88435489e-01
3.98281127e-01
1.00827658e+00
1.49994516e+00
1.58405256e+00
3.13258123e+00
-1.61600900e+00
-1.50756574e+00
-3.78928089e+00
-5.75378895e+00
-6.71855164e+00
-6.96312714e+00
-7.70295477e+00
-8.47988415e+00
-8.96831989e+00
-8.69733906e+00
-9.80953979e+00
-1.09276428e+01
-1.26063671e+01
-1.45113268e+01
-1.81546497e+01
-1.87662868e+01
2.76220727e+00
2.63168502e+00
-2.02201319e+00
-2.26347661e+00
-3.54728150e+00
-4.61941338e+00
-5.58670282e+00
-6.52155828e+00
-7.07990026e+00
-6.84915018e+00
-6.71865749e+00
-6.52845383e+00
-7.75960016e+00
-1.10019779e+01
-1.76758194e+01
-1.66279716e+01
-2.91735053e+00
-4.97299623e+00
-5.50218153e+00
-5.35128403e+00
-5.73785973e+00
-6.78931475e+00
-7.82229090e+00
-8.09921646e+00
-8.78584003e+00
-9.77758121e+00
-1.00933933e+01
-1.12525492e+01
-1.23948946e+01
-1.17472200e+01
-9.64481735e+00
-2.73365617e+00
-1.93359995e+00
-3.58100128e+00
-6.83455038e+00
-7.80988741e+00
-9.36226463e+00
-1.09424448e+01
-1.23653088e+01
-1.37644281e+01
-1.51762009e+01
-1.60445786e+01
-1.62658768e+01
-1.75215187e+01
-2.09505424e+01
-2.43679008e+01
-3.13421745e+01
-2.73844948e+01
-5.34059143e+00
2.83108449e+00
-1.54320467e+00
-1.76225579e+00
-1.70609868e+00
-1.30949259e+00
-1.21296871e+00
-1.25914538e+00
-1.42339289e+00
-1.70684469e+00
-2.19990182e+00
-3.52493167e+00
-2.23952699e+00
-3.62378687e-01
5.71129560e-01
1.94611460e-01
