8.30566406
-0.865234375
5.64648438
-11.7792969
-14.0810547
19.1542969
19.421875
-19.0244141
-21.3916016
-20.8896484
9.94433594
1.13964844
-2.22753906
1.45214844
0.5859375
-9.16210938
-32
-32
-32
-32
-14.2128906
-32
-32
-32
-32
12.0683594
-18.0019531
-32
-32
-32
-27.5488281
-15.5068359
-32
-32
-32
-32
-32
-31.0244141
-30.0693359
-32
-29.2089844
-21.0966797
-10.0458984
-11.0175781
-12.2431641
-13.9716797
-18.734375
-6.3125
-28.8066406
9.41699219
-7.09863281
4.70214844
9.71386719
31.9990234
27.4326172
-32
0.392578125
16.3398438
31.9990234
6.00683594
-12.0732422
8.8828125
-7.49121094
4.15332031
-28.9228516
-32
-27.1191406
-4.60742188
-19.9267578
-32
-32
21.2597656
-11.4882812
-32
-32
-19.1425781
-1.18457031
-16.7324219
-2.87011719
-2.01171875
-4.55175781
-32
-32
-32
-11.1777344
-22.0449219
-28.6748047
-32
-32
-32
-17.4814453
-23.5830078
-31.2773438
-24.03125
-22.7910156
-25.6425781
-3.01464844
-5.1328125
-3.11523438
-3.76074219
-2.41601562
-3.33984375
-2.19433594
-2.41894531
-5.15917969
-1.26953125
-1.67480469
-0.684570312
-1.04101562
-2.15722656
-0.587890625
-1.4375
28.1796875
-32
-32
-32
-32
-32
-15.9160156
-32
-32
-32
-22.6044922
-3.80566406
-19.3261719
-25.3085938
-22.5878906
-32
-32
-15.7558594
-17.421875
7.65722656
1.17578125
-1.87792969
-18.6894531
-26.0439453
-8.24023438
-0.119140625
12.2099609
-16.8300781
-8.04003906
-7.30761719
-18.1845703
1.16210938
-8.32617188
-11.4462891
-1.15039062
1.09960938
8.55957031
-4.41699219
9.65527344
-17.4199219
-21.6347656
-7.57519531
-5.58203125
-11.5478516
-12.8466797
-5.38867188
-8.9140625
-6.98730469
7.42871094
-18.5009766
-28.3564453
-13.0341797
8.51464844
-7.17871094
-12.1640625
-7.87792969
-25.2246094
-19.25
-4.30175781
-19.9052734
-10.8007812
-9.76074219
-11.5263672
-19.2617188
-12.3994141
0.755859375
-25.7929688
-3.84960938
-26.2011719
-7.80957031
-5.20117188
-28.0830078
-17.5185547
-20.4199219
-4.71679688
-6.81738281
-9.93457031
3.07910156
-18.2236328
-4.65429688
-21.5273438
-32
-14.0390625
-17.0771484
-10.0537109
-15.1855469
-0.791015625
-7.43847656
-8.75097656
-6.13769531
-3.8671875
1.44433594
3.60449219
-8.74707031
-2.84667969
0.600585938
31.9990234
-20.2363281
-32
-32
-32
-32
-19.9541016
-11.6650391
-32
-32
-32
-1.56835938
-22.4228516
-19.7089844
-16.2001953
-26.5380859
31.9990234
31.9990234
31.9990234
31.9990234
31.9990234
31.9990234
31.9990234
31.9990234
31.9990234
20.4521484
31.9990234
31.9990234
31.9990234
31.9990234
31.9990234
17.4179688
-24.1240234
-32
-32
-32
-32
-32
-32
-32
-32
-32
-32
-15.2744141
-29.5927734
-23.8193359
-32
-29.5537109
11.4511719
-32
-29.7529297
-32
-26.6621094
-25.2128906
-16.9951172
-20.5576172
-26.9853516
-27.9052734
-15.5507812
-2.64648438
-10.5820312
-12.0576172
-12.8710938
-6.48339844
-32
-32
-16.0898438
3.85839844
1.05273438
-13.9785156
-32
-3.67382812
23.9785156
10.6992188
1.31054688
-6.98828125
-1.06738281
0.401367188
9.21289062
21.2128906
-0.422851562
-0.435546875
-0.314453125
-0.181640625
-0.16015625
-0.225585938
-0.415039062
-0.477539062
-0.362304688
-0.200195312
-0.177734375
-0.172851562
-0.15625
-0.180664062
-0.16796875
-0.0693359375
-16.5517578
16.296875
-10.2089844
2.93945312
8.46191406
4.32519531
-0.913085938
-15.0117188
11.1435547
10.3232422
-1.44140625
3.65722656
-20.9550781
2.1171875
-2.81640625
1.1484375
-32
-32
-32
-32
-32
-32
-32
-32
-27.3603516
-19.3935547
-32
-32
-8.21679688
-29.9697266
-29.8037109
-0.657226562
26.8740234
-17.9023438
-10.8574219
-4.21679688
-5.15820312
-32
-25
31.9990234
1.10449219
-32
-32
-18.4560547
5.88476562
-4.76464844
2.4296875
-9.62109375
-32
-23.1025391
-16.5693359
-6.61425781
-0.909179688
-9.98925781
-21.6005859
-3.13378906
-9.25976562
7.74804688
-9.69335938
-12.2685547
-10.2783203
-11.7675781
-3.18554688
1.36523438
-32
-15.0439453
-28.4248047
-7.4453125
-30.6494141
-3.89257812
-20.0048828
-32
-19.2197266
-6.53417969
-8.671875
-16.9355469
-27.3857422
-2.30273438
-22.2246094
-4.75
-15.4257812
-30.8994141
-32
-32
-32
-21.0556641
-16.6777344
-32
-32
-32
-18.2880859
-8.31835938
-17.6572266
-14.6044922
-32
-24.90625
-4.53222656
31.9990234
31.9990234
31.9990234
25.1494141
18.1142578
-1.29589844
13.8154297
25.6757812
31.9990234
-3.94921875
-12.7626953
-5.23046875
3.53417969
5.07910156
12.9648438
16.4628906
31.9990234
31.9990234
31.9990234
25.5087891
26.2509766
10.578125
12.8330078
19.3798828
9.65136719
17.796875
5.3828125
8.28710938
11.4599609
14.6650391
8.73535156
-32
-32
-32
-31.4228516
-32
-31.7236328
-18.8828125
-32
-32
-13.4091797
-10.3027344
3.68457031
-0.0810546875
-7.00976562
-18.2734375
-6.1015625
-32
-24.5820312
5.61035156
5.96484375
-8.9765625
-18.5527344
-12.8574219
6.99316406
8.07128906
20.6464844
6.83886719
5.31054688
15.2207031
5.4609375
18.8320312
19.8798828
-32
-30.2607422
5.79394531
11.953125
31.9990234
3.20898438
-32
-32
20.5869141
31.9990234
-1.03417969
-32
-31.0068359
-16.5732422
1.20019531
9.49414062
-32
-32
-7.90136719
6.18359375
-5.7578125
-19.6845703
-32
-11.7001953
6.34570312
5.18554688
1.78710938
-8.79296875
9.95800781
5.8203125
11.2207031
13.1289062
-32
-17.1728516
-32
-9.79785156
-15.9199219
-10.6289062
-25.6865234
-32
-29.8574219
-6.64160156
2.41894531
-23.1513672
-18.2460938
-9.11230469
-17.5527344
-9.59667969
