1.90642226
-0.0362897813
3.35846496
2.40164852
0.584674418
1.84530902
0.37926504
0.408433646
-0.483757913
-0.394717634
2.93624187
2.41236711
-2.01889849
0.440569371
3.05690861
-0.299709558
-2.89707637
0.128169715
-2.80082488
-2.03978562
-2.88395596
-3.1322813
-1.42390335
0.174658865
0.0955448151
-1.52539659
-2.30591488
-1.86728454
0.281038046
-2.93770814
-3.70990562
0.141103804
1.37746823
-3.21399283
1.80911624
0.474573553
-0.819528222
0.676759243
-0.767037868
-1.98726225
-0.888059616
-2.23836017
0.0722416714
0.908667326
-2.71017599
-1.62220287
1.38980985
-1.54441881
0.3902345
-1.84583032
3.34167027
0.279103458
-1.50559962
-1.21192324
-1.38817012
-0.607561231
-0.0423741192
-1.55348337
0.0288816392
0.455217957
-2.37280226
-1.34811425
-0.66475445
-1.56800604
2.78330231
1.30825686
-1.31045461
-1.46558952
-0.417714208
0.765382886
1.67749548
-0.672563195
-0.109807566
-0.485015631
-0.605554044
-0.533899665
-0.635277867
-0.775370717
0.251015991
-1.91869307
-1.24173713
-0.050039649
-3.75530839
-4.16927099
-3.61006165
-3.06965661
-2.40367675
-1.52146864
-0.424224764
1.55484891
-1.49929023
-3.35068321
-1.96912467
-1.04222381
-5.28144121
-3.38677406
-0.190002143
-0.317393243
-0.289243877
-0.228846356
-0.137546226
-0.122065373
-0.171630472
-0.128774986
-0.128398746
-0.207800701
-0.195810169
-0.220347479
-0.137035549
-0.153359264
-0.210791022
-0.137270436
-1.32905829
1.33670092
-4.73864126
-1.48655951
-0.920731902
-3.4381578
-2.20246768
-0.698079944
-1.04295409
0.326676548
-3.31319618
-3.72458458
1.47036254
-0.971566379
-5.51434946
-1.84401155
-3.92148066
-2.06638074
-0.747021735
-0.426201373
-0.820518732
0.135548085
-1.76951623
-0.894420564
1.61273694
1.03205824
0.486021549
-2.43613076
-2.59319091
-1.16144109
-0.920835316
-2.7792573
-1.34425282
-0.131833598
-1.17733431
-0.341664702
0.0093112886
0.301837832
-0.146558374
-0.221037269
1.82259202
1.64280844
0.818589747
-1.46038723
-1.23528993
-0.0662874132
-1.54045987
-1.1254431
-2.14730763
1.35133207
-1.35724211
-4.16887617
-0.833024025
-2.14023733
-1.28340924
-0.217417315
0.153667688
3.25873923
0.660600066
-3.25456142
-1.62545621
1.2789923
-2.98598742
-3.03294253
1.21062231
-2.70492864
2.40453005
-0.34921965
-0.194261372
1.7651794
-0.675942242
-1.32587504
-0.809156775
-0.793127716
2.87400699
2.23628116
-3.06363392
0.100800805
2.70007133
-0.546025991
0.265088737
-2.47006845
-1.17587793
0.293596327
-0.966146052
0.319051981
-0.240235746
-0.873803139
-1.09809494
-1.392506
-1.24201465
0.478837729
-0.732318521
-1.29298532
0.170649022
-0.20272392
4.97363663
-2.60332322
2.78902388
-3.19923973
-0.859588504
0.905978322
-1.7834028
-1.40070069
-0.260650218
-1.27052307
1.70773745
0.103555992
-2.15531015
0.344726503
0.877192914
-2.78919458
0.187263787
0.337989777
2.15350032
2.73702383
3.60440254
1.6364876
1.140944
1.27683973
1.44848788
1.61396527
0.328112513
-0.0668776035
1.93342566
2.82319498
0.806303203
0.238533124
2.01348734
-2.94980311
-1.89800072
-0.512960672
-0.643771589
0.0825244188
0.1689955
-0.965039909
-2.60108066
-2.84259796
-1.6192416
1.33790183
-1.05078888
-2.04063535
1.15935206
0.489880621
-1.01472032
-0.672405541
-2.50026464
-0.82720089
-0.380875975
-1.69048858
-1.24414957
-0.404612869
-0.890129507
-0.981718361
-2.32725239
-1.48807347
0.0744597614
-0.151716322
-2.99323297
0.173019022
0.119916908
-0.612205565
-0.379072934
-1.25173199
-0.358629614
-1.14829135
0.562012136
0.727797925
-1.60208237
-3.77130198
-3.19560432
-0.86200738
-0.225509614
-2.52087164
-1.88493013
1.02239072
-0.0681426525
-0.0699701384
-0.0773840174
-0.0788259581
-0.0576578528
-0.0590272844
-0.0642902032
-0.0596891679
-0.0568521731
-0.0370868035
-0.0374377668
-0.0532936677
-0.0666321889
-0.05426687
-0.0759543702
-0.0403492488
2.76132035
-4.51060486
3.86966228
-1.31059623
-2.70885968
0.902039051
-1.03484046
-2.39625478
-0.785406828
-1.57319391
2.39540219
2.33471227
-4.32383728
-1.0553968
2.64443326
-1.63642931
-7.18001223
5.25217438
-9.33370018
2.07463312
0.37317282
-3.78836608
0.783973396
0.591973007
-2.58638263
0.332726687
-5.03516817
-3.16291285
2.51612902
-3.6072917
-5.55208254
4.74665928
2.69035745
0.223373026
-2.88911629
-2.34145951
-0.837207079
1.01509666
1.72227919
-1.24338078
-0.417043835
1.48699975
1.05607295
0.136617094
-1.48204815
0.16302377
0.991392434
-0.779553294
-0.0897157267
-0.341989905
0.1686358
-0.490559697
-2.25950623
-0.500425756
0.0698821843
-0.986255109
-0.580510139
-0.846030772
0.24186793
-0.12670055
-1.66185105
-2.29008126
0.346137136
-1.67746305
0.65091759
0.126722082
2.59626698
1.54354608
0.221782476
1.31577194
0.0525049567
-0.406461269
0.011136815
-0.658784747
1.78671718
1.42474294
-1.28556597
-0.0427471325
1.66940832
-0.273499966
-0.708560586
-1.37672794
-0.17893362
1.06512868
0.760551095
0.587032676
-0.0629327297
-0.802875042
-1.20114899
-0.00538107753
0.226528198
0.555505395
-1.07352185
-0.115808636
1.3140372
-1.3288939
-0.538048327
2.20723605
3.67614937
-0.38438639
0.635420322
0.39972353
-0.379016429
1.04634809
1.32560039
1.63973057
3.47172832
-0.342522115
-0.577303886
1.74358964
1.10908067
-0.984221578
-1.13780367
-2.26993799
-1.95405412
-2.21106553
-2.20867252
-0.229877055
-0.610282779
0.00665698573
-0.471595049
-0.634419918
-0.537466049
-0.99050957
-2.13105893
-0.67031312
-0.434757352
0.166948587
-3.90370011
-1.49304187
-3.49287605
1.77302659
1.36857891
-0.72047317
-1.05532742
-1.1861378
-1.32685876
-1.94166911
-3.16346073
-0.959358871
2.3255825
-2.50090718
-1.99543214
0.737343609
-1.83665001
-0.0654888451
-2.5228231
0.53114897
1.37006688
-1.03576529
1.09025681
0.616555214
-2.76603651
-3.86824703
-3.84028769
0.735934019
2.11859727
-1.73299837
-1.44911849
3.49178839
0.012501806
-0.971362174
-1.24079287
-2.75750637
-4.98467779
-1.56690168
0.320141912
-0.251568079
-0.602376401
-1.0070014
0.560610414
1.0993824
-2.75983453
-2.75065351
-0.67440486
0.315995336
-1.6606487
-3.81309509
-4.41866875
-3.72477627
-2.49128199
-2.42112517
-1.44857955
-2.65248489
-4.59959745
-5.16874647
-5.07071114
-1.43643105
-2.5557127
-5.2833252
-3.05467176
0.12134324
-2.01253796
-2.81627822
2.54333735
-3.9800539
1.97364461
0.0248560309
-2.54256368
0.776213706
1.61512589
-0.748616397
0.904073238
-2.18234158
0.151113033
2.40427327
-1.69801271
-1.76952922
