-3.77826929
-6.27550602
-6.5032649
-8.2756424
-9.19287968
-10.1114111
-10.5840492
-11.1966162
-11.8192978
-13.090024
-15.5954571
-18.5154095
-19.176897
-17.487257
-15.5756578
-6.44105005
-2.4481883
0.330707341
-3.02424335
-3.35911894
-3.17722082
-2.8544488
-3.53480458
-3.94578838
-4.87618732
-5.95986176
-7.06010771
-7.85987091
-7.49456549
-7.0806551
-3.45674419
-2.95876265
0.236239567
-0.598973334
0.362068206
-0.327863067
-0.0286798198
-0.0638862848
-0.482955933
-0.472161412
-0.558593571
-0.974887371
0.410992086
-0.295520335
-3.38046241
-4.73893118
-8.30823994
-6.71698427
0.50022608
0.0733624399
0.61159724
0.544364452
1.76654136
2.12227726
1.35043216
1.23024976
1.55572391
0.717057347
1.23201609
1.83484101
-0.353429258
-2.10644126
-5.04044056
-4.27452898
1.56026256
1.10009837
1.27772272
2.1142385
2.4377265
1.6033262
1.41903019
1.43976879
0.838752329
0.500720739
1.96637368
1.62202334
-0.527240038
-1.02984405
0.591750741
-9.05095959
-3.7231369
-6.24464703
-4.51857948
-4.78109503
-5.10894823
-5.18726015
-5.14326191
-5.5006423
-6.00535488
-6.85276508
-8.7852993
-9.74075508
-8.92930508
-7.78789711
-2.324265
-2.72747302
-0.216543093
-0.11661347
-0.182882905
-0.204674855
-0.25153476
-0.25744161
-0.268397987
-0.279303014
-0.307156444
-0.291302413
-0.310906559
-0.382993013
-0.356811643
-0.368024558
-0.492492557
-0.471517146
2.07950044
-2.63184547
-1.67054069
-2.35515881
-2.65311289
-2.72022581
-3.08376384
-3.54981256
-3.7238822
-3.91476774
-5.06624651
-4.41390371
-4.7070365
-6.79819632
-5.24537182
-12.6948013
-9.26808548
-4.55192804
-3.53217649
-3.49936843
-3.16933346
-2.67705107
-2.22086859
-1.65914559
-1.64764476
-1.8843317
-3.22042418
-5.34090042
-4.87122583
-0.183256865
5.67282867
7.97081947
-7.9053297
-9.50997448
-9.13869762
-10.6372633
-11.9765358
-12.6278477
-13.240633
-13.6266956
-14.0892954
-15.3601151
-18.2419987
-21.7679062
-22.1724377
-18.7684517
-10.0219831
-5.85929441
-6.98401499
-3.95198154
-3.53942037
-3.33871078
-3.80092955
-3.68851876
-3.62739086
-3.39803076
-3.77486777
-3.86812949
-5.07535934
-6.56240082
-6.36094141
-3.85705137
1.81968081
7.6424675
-5.88171244
-8.01887035
-8.31873226
-10.0472717
-11.1998615
-12.5624313
-13.4390736
-14.0804062
-14.8114004
-15.9690828
-17.3061829
-20.7818909
-22.8891296
-21.5276031
-21.4201317
-8.09121227
4.16568995
3.04086065
4.37501383
4.72708941
5.5461235
6.07438326
6.20210314
6.65490866
6.84604597
7.47009563
9.01002502
10.0090532
9.07757854
7.61639595
1.38792729
-1.17506695
-0.181889653
-3.21430349
-2.91144633
-3.91204858
-4.55118227
-6.13009453
-6.79233265
-7.48709202
-7.92941141
-8.35702229
-7.78639078
-8.75663567
-10.9716129
-13.1734295
-13.7628298
-14.6713266
0.652645469
0.262852013
1.23494971
0.0989773422
-0.65413326
-0.49292922
0.0073389709
-0.212669998
0.858953059
2.0392952
1.34323537
2.02151155
2.95402622
2.21188974
2.23261046
-4.37070751
6.19629049
2.73117781
3.52918124
3.14189577
2.72633266
2.59592533
2.33811474
2.36447382
2.304811
2.72439837
4.77065516
5.52740002
3.33005428
-0.367761642
-8.92576694
-13.5169764
1.72019875
-1.21336746
-0.795666099
-1.06686318
-1.38959503
-1.25045311
-1.38055098
-1.56425452
-1.47854948
-1.35112464
-1.7133317
-1.35333741
-0.68831861
-1.66851711
-1.5768621
-2.65673614
5.45656681
3.56983113
1.82180357
2.48626542
2.86080956
2.08040643
1.4024049
1.12852192
1.03775573
1.21924138
2.81771183
3.9184432
2.11897469
-0.612380147
-6.27926445
-10.3489513
-0.213641956
-0.279924899
-0.322131157
-0.370817542
-0.420193046
-0.462243974
-0.494121462
-0.526634872
-0.556380033
-0.593936026
-0.665451705
-0.750607789
-0.789252639
-0.776557922
-0.72167331
-0.378768533
-4.19226646
-6.50533867
-5.84567404
-6.8687892
-7.73889542
-8.70506096
-9.49288368
-9.92580509
-10.2499638
-11.3226833
-11.4053402
-13.2351484
-15.8710861
-15.6882181
-16.4929314
-4.16232061
0.184840456
-3.03671837
-3.55050182
-4.04039526
-4.18074703
-4.31264877
-4.77128363
-5.24614286
-5.96297026
-6.29371834
-8.65668488
-8.22602177
-7.26140976
-6.99584627
-6.89804602
3.23024416
-1.96049917
-6.5730319
-3.94309616
-4.27008438
-6.21968079
-7.49925184
-7.3597517
-7.36366987
-7.81670761
-7.68702126
-7.428967
-9.48701096
-10.8352194
-9.45746994
-4.78839827
-6.30622149
-1.31636286
-2.18813539
-1.10698318
-0.562425792
0.0326251015
-0.474807858
-0.790333986
-0.464201689
-0.602219343
-1.03398049
-0.363294303
-1.03793013
-3.0995214
-2.63406706
-1.88588667
0.166879013
-3.16901112
-1.86293554
-3.50696516
-4.19434309
-4.43155098
-4.64651155
-4.83346796
-5.40068769
-5.97434187
-7.48662567
-8.94198132
-10.920331
-11.1551476
-9.90093231
-9.46640968
-4.87010336
-2.337708
-3.39816403
-2.24636078
-3.61545801
-3.76684761
-4.07593775
-4.11629915
-4.1285634
-3.79381347
-4.10047007
-5.24600077
-5.87773657
-6.99603987
-6.6456809
-7.30735493
-4.06617355
-7.17947388
-5.14031029
-7.82554531
-8.16249943
-8.9515028
-10.2190075
-11.065753
-11.3494406
-12.154603
-13.102993
-14.4283772
-17.77458
-19.0717201
-16.7338333
-12.0247765
-0.105052531
-2.36455393
-1.78592813
-1.05700636
-0.876577318
-1.19063354
-1.64947641
-1.36769807
-1.12537563
-0.740621626
-0.0970342159
0.288435102
0.398280859
1.00827682
1.49994493
1.58405268
3.13258147
-1.61600888
-1.5075655
-3.78928113
-5.75378847
-6.71855164
-6.96312618
-7.70295429
-8.47988415
-8.96832085
-8.69734001
-9.80953884
-10.9276438
-12.6063671
-14.5113258
-18.1546516
-18.7662868
2.76220727
2.63168478
-2.0220139
-2.26347709
-3.54728222
-4.61941385
-5.5867033
-6.52155733
-7.07990122
-6.8491497
-6.71865654
-6.52845335
-7.75959969
-11.001977
-17.6758175
-16.6279716
-2.91735029
-4.97299623
-5.50218105
-5.35128355
-5.7378602
-6.78931522
-7.82229042
-8.09921741
-8.78584099
-9.77758312
-10.0933933
-11.2525492
-12.3948956
-11.74722
-9.64481831
-2.73365569
-1.93359995
-3.581002
-6.83455038
-7.80988693
-9.36226559
-10.9424429
-12.3653078
-13.7644281
-15.1761999
-16.0445805
-16.2658787
-17.5215187
-20.9505444
-24.3679028
-31.3421707
-27.3844948
-5.34059143
2.83108377
-1.54320455
-1.76225579
-1.70609844
-1.30949247
-1.21296847
-1.25914526
-1.42339301
-1.70684481
-2.19990182
-3.52493143
-2.23952699
-0.362378776
0.57112956
0.194611281
