-5.23759238e-02
5.96237071e-02
7.75579363e-02
3.54648791e-02
-6.00452684e-02
1.68403774e-01
2.05324739e-02
2.50588924e-01
5.56582510e-01
-1.37583122e-01
1.30040780e-01
1.70035496e-01
-1.74271520e-02
4.14748192e-01
4.44753617e-02
1.82439849e-01
-3.57109751e-03
-1.78079531e-02
-3.07451170e-02
3.03613786e-02
1.43715486e-01
-5.65482751e-02
4.59925719e-02
4.80806045e-02
2.96867579e-01
-1.62255123e-01
-1.57030046e-01
3.37164253e-01
1.69610344e-02
-4.13422324e-02
-8.85232314e-02
1.71849579e-01
4.73942131e-01
2.10674733e-01
-2.10322160e-02
1.18304789e-01
3.05867076e-01
-1.12173725e-02
-3.48736383e-02
8.95423815e-02
-3.74664843e-01
-4.75364536e-01
-2.13448942e-01
2.16275424e-01
-2.26226434e-01
1.84218854e-01
-8.30766410e-02
-7.98932165e-02
-2.11552233e-01
6.54373020e-02
-9.23072547e-03
-6.45977631e-02
-5.37261087e-03
2.15529908e-05
-2.98123151e-01
1.28186122e-01
1.00612275e-01
-1.68188084e-02
2.81926185e-01
-1.54210255e-01
-3.37017715e-01
1.30254313e-01
2.20852215e-02
-1.84803069e-01
4.31485981e-01
-4.65103798e-03
7.46267587e-02
1.80304304e-01
-2.47241542e-01
-1.41218454e-01
-2.80129313e-02
-1.60666257e-01
1.08202472e-01
8.12988058e-02
-2.62052249e-02
-1.08037673e-01
-1.17018715e-01
2.18466502e-02
1.14036059e+00
-2.03966666e-02
-1.73211902e-01
-3.15487295e-01
1.44345022e-03
5.81806526e-02
-3.31218153e-01
5.47190905e-01
2.47823730e-01
2.00242717e-02
2.23014548e-01
1.85803771e-01
2.14622527e-01
1.47799794e-02
2.10537270e-01
4.62054312e-01
7.99964964e-02
-1.58545732e-01
-5.70795573e-02
-2.00794876e-01
2.26731211e-01
4.60622981e-02
1.18578911e-01
1.16422117e-01
-1.27736051e-02
-1.77509815e-01
-2.70834804e-01
1.15437582e-01
9.31275189e-02
-3.22172612e-01
5.65104245e-04
-3.38101029e-01
2.55121682e-02
-5.15759550e-02
-7.79092610e-02
1.06029600e-01
2.69175470e-02
1.32949725e-01
1.61193401e-01
1.53783977e-01
2.32736886e-01
1.29677504e-02
-2.48058766e-01
8.33301395e-02
5.98845966e-02
-9.09202918e-02
-3.23379338e-01
-1.04190513e-01
2.93109994e-02
-8.65440890e-02
8.50086734e-02
2.49952435e-01
-8.42024088e-02
-6.81773573e-02
-3.86374742e-02
4.11569662e-02
1.28894877e-02
-1.52876405e-02
-1.86318588e-02
-7.72171021e-02
3.92961875e-02
-6.15976611e-03
5.81934191e-02
-1.79541081e-01
-1.94462389e-02
1.01373412e-01
1.00753725e-01
-1.08306117e-01
2.34594215e-02
-8.16067308e-02
5.92366420e-02
-2.33520716e-02
1.32534012e-01
-1.99475497e-01
-4.09692824e-01
-9.77878347e-02
5.74346446e-02
-1.35589138e-01
-1.29456237e-01
2.41130106e-02
-3.20297703e-02
-5.43300100e-02
2.45362923e-01
3.70539874e-01
-1.21662959e-01
1.42468423e-01
6.86158240e-02
-1.44401237e-01
-1.52425589e-02
-3.06433856e-01
-3.05993676e-01
-2.65804559e-01
-2.50329792e-01
-4.58236873e-01
1.50634184e-01
2.58687764e-01
1.85232148e-01
-3.23175073e-01
-1.89691126e-01
-1.24147557e-01
9.36239865e-03
-1.47685811e-01
3.92082557e-02
-1.81974754e-01
1.39996752e-01
3.72561030e-02
-1.69512063e-01
-3.33784103e-01
1.94606092e-02
-1.43872872e-01
-7.57504284e-01
3.56372923e-01
-2.81238973e-01
-2.46562004e-01
-1.27365440e-01
1.19963020e-01
5.70449010e-02
-1.90813258e-01
2.04391211e-01
-2.33521983e-01
8.29320983e-04
-1.27154604e-01
-4.89004821e-01
-2.43852869e-01
-3.48239303e-01
-5.76971807e-02
2.55517423e-01
4.20485795e-01
-9.14776325e-01
5.99759780e-02
-1.53099015e-01
-4.84982580e-02
-7.27147853e-04
4.97272471e-03
6.37126148e-01
-7.05282629e-01
-1.74268186e-01
1.60580486e-01
2.80543440e-03
-2.05787495e-01
-1.60674140e-01
-1.91367611e-01
-2.27890909e-01
-5.16752362e-01
6.51325658e-02
-3.75513196e-01
-7.77913570e-01
-6.07526377e-02
5.97181953e-02
-3.08080390e-02
-7.55743161e-02
-4.59524877e-02
3.86888273e-02
-2.05021668e-02
3.07806879e-01
-9.99967828e-02
-1.11913420e-02
-3.92602719e-02
1.03328861e-02
-4.76047397e-01
-7.34742135e-02
1.86517201e-02
2.91118711e-01
-8.06158260e-02
-2.51428783e-02
1.21942192e-01
3.93628031e-02
-1.75781965e-01
6.04276881e-02
1.65644512e-02
2.99332589e-02
4.12412167e-01
3.54602970e-02
1.11046411e-01
1.74061283e-01
-8.62693489e-02
2.24191725e-01
3.24438602e-01
3.87314200e-01
-8.12400356e-02
2.89949551e-02
1.40976921e-01
-5.37894331e-02
-1.45992443e-01
-6.48033223e-04
-1.04041025e-01
3.46760787e-02
2.00424492e-01
-1.21204883e-01
-1.12972679e-02
-1.27085280e-02
-1.61057577e-01
-6.36459664e-02
-2.83325642e-01
-7.97566175e-02
2.59362347e-02
-5.70533844e-03
-3.69101018e-01
-1.88196987e-01
1.90023333e-01
1.20598324e-01
7.50247836e-02
5.30418335e-03
3.99337523e-02
-3.19854505e-02
-1.17390469e-01
4.23442712e-03
7.22983759e-03
2.24084973e-01
-8.94685742e-03
-2.25938007e-01
1.97980821e-01
-3.40003148e-02
-5.65772802e-02
1.10306188e-01
-1.58300474e-01
-2.13009445e-03
-1.14400424e-01
-4.31731254e-01
-4.32040483e-01
-5.81072830e-02
-1.00275287e-02
1.13323428e-01
5.71440682e-02
1.57015156e-02
-3.02026659e-01
2.56130821e-04
1.02535211e-01
2.21456978e-02
2.37976715e-01
-6.44460693e-02
-1.33428618e-01
8.52469541e-03
1.91966996e-01
7.07639009e-02
-1.94803551e-01
4.56928238e-02
1.76592723e-01
4.37991440e-01
2.17906330e-02
1.13043398e-01
1.31322920e-01
2.60074973e-01
-3.26565593e-01
-2.48228274e-02
1.68132067e-01
1.10317143e-02
2.47804001e-01
5.68267098e-03
-3.92631322e-01
1.35631725e-01
-3.48146796e-01
5.09841144e-02
-8.20020139e-02
-1.63354483e-02
3.22133601e-01
-1.02806970e-01
3.08481598e-04
-1.38647735e-01
1.29360467e-01
1.03587452e-02
2.54652724e-02
9.22810137e-02
-1.00682713e-01
9.75856930e-02
-7.74073824e-02
-1.59403220e-01
-4.03592408e-01
-3.78917456e-01
-2.03984100e-02
-4.48234007e-02
-8.09684321e-02
-1.25204146e-01
-1.10228151e-01
3.71352613e-01
2.25702316e-01
-7.88903236e-02
-1.75229460e-01
-1.01632699e-01
-1.51734188e-01
1.89564116e-02
-3.83211188e-02
-6.16269372e-02
-5.85328899e-02
-1.59496084e-01
-3.50921303e-02
4.22656611e-02
-1.75960630e-01
-9.78381932e-02
-1.67683229e-01
-1.74937204e-01
-2.30210721e-01
8.73300713e-03
-1.60785601e-01
-1.05278067e-01
2.29750276e-01
8.28435495e-02
3.58240634e-01
-5.72086833e-02
1.17082797e-01
9.47553590e-02
1.57810360e-01
-1.54990349e-02
-5.94246201e-02
3.04404497e-01
-4.93086409e-04
2.16610327e-01
-5.36874756e-02
-2.55987674e-01
-1.01270169e-01
-2.85738587e-01
-9.67312381e-02
-4.85534966e-03
-4.53918800e-02
-1.58433288e-01
-2.92773917e-02
-1.89361632e-01
2.57219583e-01
1.96810156e-01
1.71718895e-01
7.36956149e-02
-4.73143570e-02
-5.05575612e-02
1.15047665e-02
1.30502870e-02
-3.36401016e-02
-1.56745657e-01
3.81672233e-02
-7.84953013e-02
5.42306453e-02
-1.13215491e-01
-3.81750278e-02
8.40729102e-02
3.89340967e-02
-9.51141194e-02
1.51341259e-01
-1.96278952e-02
9.51868445e-02
2.70180106e-01
-2.31889963e-01
-2.20111027e-01
6.04000762e-02
-1.12801239e-01
-3.32881987e-01
-3.05158808e-03
1.09040976e-01
4.48346794e-01
4.98381764e-01
-2.33096350e-02
3.20192724e-01
-2.99851120e-01
-2.20794603e-02
-5.23894355e-02
-9.80920017e-01
1.30900279e-01
-1.05858520e-01
4.96403594e-03
-2.20196798e-01
-5.74381948e-01
1.34436963e-02
2.31149986e-01
2.08927840e-01
-1.68593079e-01
1.69377863e-01
4.24383804e-02
2.98289418e-01
1.24544367e-01
-1.56074077e-01
-7.62546584e-02
1.32016391e-01
-4.12310869e-01
-2.09313378e-01
6.60242367e-05
8.58111456e-02
2.09148899e-02
2.10575506e-01
5.62493503e-03
-2.41219223e-01
2.91260593e-02
-1.63410399e-02
2.59350818e-02
3.75940204e-02
1.80458844e-01
-5.18293619e-01
-6.73617646e-02
8.55897516e-02
-1.57082528e-01
2.66337395e-01
-1.97829194e-02
4.73354459e-02
-2.38663554e-01
-8.21083337e-02
4.22723174e-01
-8.20732042e-02
-8.41137990e-02
2.40511388e-01
4.19921102e-03
1.54317632e-01
2.57673681e-01
-1.00786477e-01
5.84834218e-01
-1.08314909e-01
1.16881907e-01
-2.26175830e-01
-4.63596322e-02
2.58994132e-01
9.07418970e-03
-2.89683759e-01
-9.53233335e-03
7.98787400e-02
-4.66060251e-01
1.56980649e-01
-5.60421944e-01
2.51292020e-01
1.94372945e-02
-3.43613550e-02
3.38612109e-01
4.18055654e-02
-2.15301812e-01
-3.05956185e-01
-1.70216300e-02
-2.64252424e-01
-1.17450252e-01
-1.50839627e-01
3.82894725e-01
1.13461143e-03
-2.90293217e-01
5.18117189e-01
8.18161517e-02
3.21068108e-01
-7.40639210e-01
1.55276498e-02
-8.22152793e-01
-1.07175382e-02
-3.42423350e-01
-1.55852556e-01
1.43812403e-01
-1.86655939e-01
1.06341235e-01
3.16910475e-01
-2.22713891e-02
-9.54233408e-02
-2.54047126e-01
7.44081568e-03
3.66943330e-01
-1.72433451e-01
9.65384096e-02
-1.76319182e-01
2.15442792e-01
4.65905786e-01
-1.09259249e-03
4.00224686e-01
3.08016203e-02
4.46853153e-02
2.34600842e-01
2.76559442e-01
-2.63882190e-01
-9.78795514e-02
-3.26511919e-01
1.42601654e-01
1.43107191e-01
-4.17033941e-01
-2.82883286e-01
-2.25069979e-03
-2.12485008e-02
-6.99469268e-01
2.09499061e-01
2.68877715e-01
-1.25043013e-03
-3.73798236e-02
-4.67834115e-01
-1.04976594e-01
1.38840126e-02
-1.12672439e-02
2.40175292e-01
3.00409019e-01
7.77191818e-02
3.25581372e-01
-2.98876286e-01
9.27836541e-03
5.79705536e-01
8.76405649e-03
1.82328731e-01
1.29677923e-02
1.07089058e-03
-4.51139882e-02
-4.57076915e-02
6.99526742e-02
-1.19472645e-01
-6.89213425e-02
-3.11814845e-01
1.86954916e-01
4.12328392e-01
3.43317509e-01
2.87491500e-01
4.18513685e-01
3.76107156e-01
1.96655586e-01
-3.35393101e-01
6.19071722e-02
2.22149432e-01
-4.92483526e-02
9.40030217e-02
3.81247848e-01
-1.03717642e-02
1.84958085e-01
-3.77277106e-01
-2.81006336e-01
3.97652656e-01
-2.03909725e-01
2.41190016e-01
-2.66728718e-02
3.30424786e-01
5.20974398e-01
-1.34380922e-01
2.99106449e-01
2.95792735e-04
4.94747907e-01
2.88022906e-01
-2.75215060e-01
-2.90929228e-02
-2.35248404e-03
-1.82238668e-01
3.09582025e-01
3.23486328e-01
-3.11976075e-01
-7.27978110e-01
-1.09867901e-01
-1.52731597e-01
-1.40640900e-01
-9.67724994e-03
1.21507287e-01
-1.20941229e-01
1.44978156e-02
1.98600009e-01
-2.22540975e-01
8.79832450e-03
3.12949896e-01
-1.22315712e-01
5.71767092e-01
-3.88930768e-01
1.35977671e-01
-3.80440950e-01
6.92058206e-02
-2.33536094e-01
-3.31237286e-01
2.19013795e-01
-1.11909114e-01
1.61839165e-02
-1.16523758e-01
-5.09990215e-01
-1.06397830e-03
-1.24045789e-01
3.69224727e-01
2.42495552e-01
1.12554766e-01
-5.53779244e-01
-2.04201043e-02
-5.46320438e-01
-6.80726394e-02
-3.83497834e-01
6.97835833e-02
-2.67617881e-01
3.37690562e-01
8.21415186e-02
-3.24138557e-03
1.51968479e-01
1.21483885e-01
-8.69258586e-03
-4.53526415e-02
-6.98346734e-01
-1.35346398e-01
-8.68299454e-02
-4.34658110e-01
2.10120305e-01
-6.13119043e-02
1.10447608e-01
-1.16675153e-01
-4.12092686e-01
-7.08650872e-02
1.34530924e-02
3.24992895e-01
5.66129275e-02
-2.80854166e-01
-8.72258618e-02
1.35908416e-02
-6.19148053e-02
-1.64897189e-01
1.86861098e-01
-8.27287417e-03
-5.07301629e-01
1.77989468e-01
-9.46570039e-02
1.40037641e-01
-3.72776330e-01
-2.80937999e-01
9.07104313e-02
-1.50398821e-01
8.56364495e-04
8.00310448e-02
-2.95172650e-02
-9.30584148e-02
-4.35911208e-01
-5.27416468e-01
-9.84858423e-02
-4.47066486e-01
1.47561310e-02
-2.08736748e-01
-4.77787852e-01
1.57605819e-02
-1.12168156e-01
-1.22764081e-01
-2.27059820e-03
-3.35796207e-01
-4.23068047e-01
-3.81510407e-01
-2.06614938e-02
-1.35771424e-01
1.40356466e-01
-4.74666864e-01
2.61953592e-01
2.86750585e-01
-2.56370544e-01
-2.69419789e-01
-8.65807459e-02
1.55699179e-01
1.18681915e-01
-3.07881743e-01
5.70269644e-01
3.42489660e-01
1.16086423e-01
5.78508712e-02
2.48892438e-02
1.09423339e-01
1.33951277e-01
7.18531847e-01
4.33359072e-02
-1.56215429e-01
4.12902460e-02
-6.23871267e-01
-9.93661806e-02
-3.07313532e-01
-5.56735694e-02
8.02076757e-01
-7.64946407e-03
-2.13787451e-01
-7.84883648e-02
9.75869596e-02
2.18543470e-01
2.89474130e-01
-9.18993279e-02
4.17363122e-02
8.41105506e-02
8.50928724e-02
-1.10100046e-01
-2.38130420e-01
5.74509837e-02
-1.22412428e-01
6.44001663e-02
-1.20541498e-01
3.75849381e-02
-1.71650887e-01
-1.14742950e-01
1.11036869e-02
1.25049138e-02
-1.46090031e-01
-3.55483629e-02
2.80952513e-01
1.12811096e-01
1.86934061e-02
-6.39554858e-02
-4.79484536e-02
-5.17174043e-02
-6.96253479e-02
1.22228660e-01
-2.16460484e-03
-2.74121035e-02
-2.86676511e-02
-2.65010875e-02
-6.36231676e-02
-3.84723134e-02
2.06110016e-01
-1.62700221e-01
5.84130362e-03
7.92060122e-02
-4.89374585e-02
7.45816156e-02
-1.12652212e-01
1.50602728e-01
-1.51368365e-01
9.80525166e-02
3.33143562e-01
-3.29961985e-01
-4.37299997e-01
-1.82661399e-01
9.82011631e-02
2.73685437e-03
1.36462510e-01
-1.03255257e-01
-7.78531954e-02
8.79941061e-02
2.62055248e-01
-2.99535304e-01
6.37842357e-01
-7.74628595e-02
-4.43096995e-01
-1.76081836e-01
-5.30412853e-01
1.32595673e-07
1.28026098e-01
9.91214737e-02
3.31758618e-01
-3.54235470e-01
-1.68082654e-01
-3.49074215e-01
5.27493171e-02
-2.97331750e-01
5.24545722e-02
-2.16569096e-01
3.01696569e-01
-2.23681629e-01
1.74338356e-01
8.18996206e-02
3.75663191e-02
-4.58839759e-02
-9.02193263e-02
-1.21995620e-01
-1.55889362e-01
2.01151557e-02
-3.30347791e-02
-1.00186653e-02
1.24873994e-02
-2.16553971e-01
3.57229710e-01
-4.83555999e-03
3.22815359e-01
4.47055884e-02
-1.35123432e-01
6.84041157e-02
3.86295095e-02
-1.45167457e-02
4.50623147e-02
3.41366492e-02
-5.72770610e-02
-1.72676221e-01
1.06111087e-01
1.06960852e-02
8.61997530e-03
6.48755804e-02
6.24538995e-02
1.15316585e-01
8.03755149e-02
-6.88770413e-02
5.21276519e-02
-1.50689960e-01
-5.85113727e-02
2.47139171e-01
-6.38611093e-02
8.44655335e-02
2.43804470e-01
-3.26720662e-02
2.57125616e-01
-3.85549724e-01
-1.29515663e-01
7.27434158e-02
-8.02158415e-02
-6.03383482e-02
2.41333202e-01
7.44094178e-02
4.46335942e-01
7.13455305e-02
2.75099158e-01
3.06014828e-02
2.89556354e-01
2.42363378e-01
-7.14050382e-02
-1.19303122e-01
-3.09046824e-02
2.72496223e-01
-1.23274527e-01
-1.57629058e-01
3.68321240e-02
-1.89334467e-01
-1.96552407e-02
-2.00811118e-01
1.15715116e-01
1.74679533e-01
-1.69150174e-01
6.28593471e-03
-1.97769515e-02
6.52869269e-02
-2.43208911e-02
-1.51680550e-02
-5.66814125e-01
-3.40486556e-01
-1.10027067e-01
-8.74673843e-01
7.07079321e-02
-1.70137152e-01
3.48897874e-01
-1.01891607e-02
-1.73711136e-01
-8.73547494e-02
3.90759110e-03
-2.93547590e-03
-5.77478886e-01
-7.92410970e-01
4.32551000e-03
-5.32292724e-02
1.95752710e-01
1.13104045e-01
-2.61901647e-01
1.12704553e-01
1.14158966e-01
-2.50043333e-01
-5.13156429e-02
5.25875211e-01
-3.02842438e-01
-3.81644592e-02
6.76337481e-02
-2.08266988e-01
1.13885783e-01
6.93876809e-03
-1.73384219e-01
1.13520231e-02
1.53458270e-03
-1.06304638e-01
-6.55345023e-02
-2.54148304e-01
3.51994336e-02
1.55155405e-01
4.65554334e-02
1.77684084e-01
-1.44030988e-01
-1.94321945e-01
-2.77554631e-01
1.18390387e-02
-7.51248375e-02
-3.93667340e-01
3.03945169e-02
-5.71076311e-02
1.33833051e-01
-9.41386670e-02
-1.70967594e-01
5.21262959e-02
1.39724165e-01
-9.66718718e-02
-2.82354336e-02
-5.45484461e-02
1.86182171e-01
-2.96981871e-01
-2.61345804e-01
3.41654748e-01
3.65471184e-01
7.66400993e-02
-3.83321464e-01
-8.93747248e-03
4.27324533e-01
-1.48356542e-01
1.85969397e-01
-3.70233446e-01
-9.31358561e-02
2.87290841e-01
-4.87683475e-01
9.39217955e-02
-8.18216577e-02
2.10027322e-01
4.89513844e-01
-1.12181557e-02
1.09832697e-01
4.08517718e-01
1.07802756e-01
1.94803938e-01
-2.11694181e-01
-3.75615954e-01
4.68362093e-01
4.84490208e-02
-1.55019060e-01
-2.21176133e-01
3.21209371e-01
-2.94856787e-01
-1.43566206e-02
-1.45690888e-01
-1.73572227e-01
6.90399185e-02
9.90794506e-03
2.90577799e-01
1.62079349e-01
1.06764687e-02
1.22065023e-01
-2.02041656e-01
-6.03800863e-02
1.53495312e-01
-1.98293105e-01
2.93921139e-02
9.40113440e-02
2.50715297e-02
2.25361213e-01
4.21017930e-02
-2.73310281e-02
2.67894827e-02
2.42436096e-01
8.25527310e-02
3.53577048e-01
2.46932313e-01
-1.68015316e-01
1.36577725e-01
1.27444997e-01
-1.89791042e-02
-2.74584536e-02
-4.94471520e-01
-1.41294882e-01
-1.84984639e-01
-9.95501876e-03
-1.27384856e-01
1.72703594e-01
-4.33722772e-02
-3.48025560e-01
-1.89688325e-01
-1.33642569e-01
-1.53181711e-02
-8.60752352e-03
-7.94535130e-02
-3.50205541e-01
5.07526696e-02
1.28397420e-01
8.38525146e-02
1.54801488e-01
4.01066057e-02
-1.02098189e-01
2.50232313e-03
3.17378402e-01
-2.22710129e-02
6.60286285e-03
-7.90554062e-02
-1.15254439e-01
-5.47129139e-02
2.13547098e-03
1.21049054e-01
-8.20778757e-02
5.78201674e-02
-7.06399605e-02
-8.45304802e-02
2.27123097e-01
-1.07926503e-01
1.22429341e-01
