1.90722656
-0.0361328125
3.36132812
2.40429688
0.584960938
1.84667969
0.379882812
0.408203125
-0.483398438
-0.395507812
2.93847656
2.4140625
-2.01953125
0.44140625
3.06054688
-0.30078125
-2.89550781
0.129882812
-2.80078125
-2.03808594
-2.88574219
-3.13183594
-1.42382812
0.174804688
0.0966796875
-1.52539062
-2.30566406
-1.86621094
0.282226562
-2.9375
-3.70898438
0.141601562
1.37597656
-3.21386719
1.80761719
0.475585938
-0.822265625
0.674804688
-0.767578125
-1.98828125
-0.88671875
-2.23730469
0.0703125
0.908203125
-2.7109375
-1.62402344
1.38671875
-1.54394531
0.387695312
-1.84765625
3.34082031
0.279296875
-1.50488281
-1.21191406
-1.38867188
-0.607421875
-0.0419921875
-1.5546875
0.02734375
0.452148438
-2.37304688
-1.34960938
-0.6640625
-1.56738281
2.78613281
1.31054688
-1.30371094
-1.46289062
-0.415039062
0.766601562
1.6796875
-0.670898438
-0.10546875
-0.483398438
-0.602539062
-0.53125
-0.6328125
-0.772460938
0.252929688
-1.91503906
-1.24023438
-0.052734375
-3.75292969
-4.17089844
-3.60839844
-3.06835938
-2.40332031
-1.52148438
-0.423828125
1.5546875
-1.49902344
-3.34960938
-1.96972656
-1.04003906
-5.27929688
-3.38769531
-0.192382812
-0.314453125
-0.291015625
-0.228515625
-0.13671875
-0.122070312
-0.169921875
-0.126953125
-0.12890625
-0.20703125
-0.196289062
-0.221679688
-0.137695312
-0.15234375
-0.211914062
-0.13671875
-1.32617188
1.33691406
-4.73730469
-1.484375
-0.918945312
-3.43652344
-2.20117188
-0.698242188
-1.04394531
0.326171875
-3.3125
-3.72265625
1.47070312
-0.969726562
-5.51171875
-1.84472656
-3.92480469
-2.06835938
-0.751953125
-0.432617188
-0.82421875
0.1328125
-1.77246094
-0.895507812
1.609375
1.03027344
0.483398438
-2.43945312
-2.59667969
-1.16308594
-0.924804688
-2.78320312
-1.34667969
-0.131835938
-1.18066406
-0.346679688
0.0048828125
0.296875
-0.150390625
-0.221679688
1.81933594
1.64160156
0.81640625
-1.46386719
-1.23632812
-0.0673828125
-1.54296875
-1.12695312
-2.1484375
1.34765625
-1.36132812
-4.17089844
-0.8359375
-2.14160156
-1.28320312
-0.21875
0.151367188
3.25683594
0.658203125
-3.25585938
-1.62792969
1.27734375
-2.98632812
-3.03320312
1.20996094
-2.70507812
2.3984375
-0.352539062
-0.197265625
1.76171875
-0.677734375
-1.32714844
-0.810546875
-0.794921875
2.87109375
2.234375
-3.06445312
0.0966796875
2.69726562
-0.545898438
0.267578125
-2.46484375
-1.171875
0.294921875
-0.962890625
0.3203125
-0.23828125
-0.87109375
-1.09570312
-1.38867188
-1.24121094
0.479492188
-0.728515625
-1.29003906
0.171875
-0.203125
4.97460938
-2.6015625
2.79101562
-3.20019531
-0.858398438
0.90625
-1.78320312
-1.40039062
-0.260742188
-1.26953125
1.70800781
0.102539062
-2.15527344
0.346679688
0.877929688
-2.7890625
0.186523438
0.341796875
2.15527344
2.73730469
3.60742188
1.63769531
1.14257812
1.27832031
1.44921875
1.61425781
0.329101562
-0.06640625
1.93652344
2.82421875
0.807617188
0.241210938
2.01367188
-2.94921875
-1.89453125
-0.513671875
-0.64453125
0.0830078125
0.170898438
-0.963867188
-2.60253906
-2.84277344
-1.6171875
1.33984375
-1.05371094
-2.0390625
1.16113281
0.489257812
-1.01660156
-0.671875
-2.50488281
-0.826171875
-0.383789062
-1.69042969
-1.24511719
-0.404296875
-0.889648438
-0.981445312
-2.328125
-1.48828125
0.07421875
-0.153320312
-2.99511719
0.173828125
0.120117188
-0.61328125
-0.380859375
-1.25292969
-0.359375
-1.14941406
0.560546875
0.725585938
-1.60351562
-3.77148438
-3.19628906
-0.864257812
-0.228515625
-2.52246094
-1.88671875
1.01953125
-0.0673828125
-0.0693359375
-0.0732421875
-0.078125
-0.0556640625
-0.0576171875
-0.0634765625
-0.0576171875
-0.0556640625
-0.037109375
-0.0361328125
-0.052734375
-0.064453125
-0.0537109375
-0.0732421875
-0.0400390625
2.76171875
-4.51074219
3.87109375
-1.31054688
-2.70605469
0.90234375
-1.03613281
-2.39648438
-0.786132812
-1.57226562
2.39550781
2.33300781
-4.32421875
-1.05371094
2.64453125
-1.63574219
-7.18359375
5.25
-9.33789062
2.07421875
0.37109375
-3.7890625
0.783203125
0.58984375
-2.58886719
0.331054688
-5.03808594
-3.16308594
2.515625
-3.61035156
-5.5546875
4.74609375
2.68847656
0.22265625
-2.88769531
-2.34277344
-0.836914062
1.01367188
1.72167969
-1.24316406
-0.41796875
1.48535156
1.0546875
0.135742188
-1.48144531
0.163085938
0.990234375
-0.780273438
-0.087890625
-0.340820312
0.169921875
-0.486328125
-2.26269531
-0.5
0.072265625
-0.986328125
-0.579101562
-0.844726562
0.244140625
-0.124023438
-1.66113281
-2.29003906
0.349609375
-1.67480469
0.650390625
0.125
2.6015625
1.54199219
0.224609375
1.31640625
0.0517578125
-0.405273438
0.0126953125
-0.658203125
1.78808594
1.42578125
-1.28515625
-0.041015625
1.66992188
-0.274414062
-0.7109375
-1.37890625
-0.1796875
1.0625
0.759765625
0.586914062
-0.0625
-0.8046875
-1.20019531
-0.0048828125
0.225585938
0.552734375
-1.07519531
-0.116210938
1.3125
-1.33007812
-0.541015625
2.21191406
3.67480469
-0.384765625
0.63671875
0.3984375
-0.377929688
1.04785156
1.32519531
1.64160156
3.47070312
-0.34375
-0.573242188
1.74414062
1.109375
-0.981445312
-1.13769531
-2.27246094
-1.95214844
-2.20898438
-2.20800781
-0.227539062
-0.609375
0.0068359375
-0.473632812
-0.63671875
-0.536132812
-0.98828125
-2.1328125
-0.670898438
-0.4296875
0.168945312
-3.90429688
-1.49121094
-3.4921875
1.77148438
1.36914062
-0.720703125
-1.05566406
-1.18457031
-1.32519531
-1.94140625
-3.16308594
-0.958007812
2.32617188
-2.50097656
-1.99707031
0.740234375
-1.83789062
-0.0673828125
-2.5234375
0.532226562
1.36621094
-1.03613281
1.08984375
0.616210938
-2.76757812
-3.86914062
-3.83886719
0.736328125
2.11621094
-1.73632812
-1.44824219
3.49023438
0.013671875
-0.970703125
-1.23828125
-2.7578125
-4.98339844
-1.56640625
0.321289062
-0.250976562
-0.603515625
-1.00585938
0.561523438
1.10058594
-2.75976562
-2.74902344
-0.671875
0.317382812
-1.66015625
-3.81152344
-4.41601562
-3.72460938
-2.49121094
-2.421875
-1.44921875
-2.65136719
-4.6015625
-5.16894531
-5.0703125
-1.43554688
-2.55566406
-5.28222656
-3.05371094
0.122070312
-2.01171875
-2.81640625
2.54296875
-3.98242188
1.97558594
0.0244140625
-2.54394531
0.776367188
1.61523438
-0.749023438
0.903320312
-2.18359375
0.153320312
2.40527344
-1.69921875
-1.77050781
