-3.77832031
-6.27246094
-6.49902344
-8.27050781
-9.1875
-10.1044922
-10.5771484
-11.1894531
-11.8115234
-13.0820312
-15.5869141
-18.5068359
-19.1679688
-17.4775391
-15.5683594
-6.4375
-2.44824219
0.329101562
-3.02734375
-3.36230469
-3.18164062
-2.859375
-3.54003906
-3.95117188
-4.88183594
-5.96582031
-7.06640625
-7.86621094
-7.50195312
-7.08789062
-3.4609375
-2.96972656
0.239257812
-0.599609375
0.365234375
-0.32421875
-0.0244140625
-0.05859375
-0.4765625
-0.46484375
-0.551757812
-0.966796875
0.419921875
-0.28515625
-3.36816406
-4.7265625
-8.29296875
-6.70605469
0.5
0.0791015625
0.616210938
0.548828125
1.77148438
2.12792969
1.35742188
1.23730469
1.56445312
0.725585938
1.2421875
1.84472656
-0.340820312
-2.09375
-5.03027344
-4.265625
1.56347656
1.10253906
1.28027344
2.1171875
2.44042969
1.60644531
1.42285156
1.44433594
0.842773438
0.504882812
1.97070312
1.62792969
-0.522460938
-1.02441406
0.602539062
-9.0390625
-3.7265625
-6.24707031
-4.5234375
-4.78613281
-5.11523438
-5.19433594
-5.15136719
-5.50878906
-6.01367188
-6.86132812
-8.79394531
-9.75097656
-8.94238281
-7.79980469
-2.33789062
-2.73339844
-0.21484375
-0.114257812
-0.178710938
-0.200195312
-0.24609375
-0.251953125
-0.26171875
-0.271484375
-0.299804688
-0.283203125
-0.302734375
-0.375
-0.34765625
-0.357421875
-0.483398438
-0.463867188
2.08300781
-2.63183594
-1.66894531
-2.35449219
-2.65332031
-2.72070312
-3.08496094
-3.55078125
-3.72460938
-3.91601562
-5.06640625
-4.41308594
-4.70800781
-6.80175781
-5.25097656
-12.7060547
-9.27441406
-4.55761719
-3.54101562
-3.50878906
-3.1796875
-2.68945312
-2.23339844
-1.67382812
-1.66308594
-1.89941406
-3.23632812
-5.36035156
-4.89160156
-0.203125
5.65332031
7.95800781
-7.90917969
-9.51855469
-9.14941406
-10.6494141
-11.9882812
-12.6416016
-13.2539062
-13.6416016
-14.1054688
-15.3779297
-18.2617188
-21.7890625
-22.1943359
-18.7900391
-10.0419922
-5.87402344
-6.98632812
-3.95507812
-3.54199219
-3.34179688
-3.8046875
-3.69238281
-3.63085938
-3.40234375
-3.77832031
-3.87207031
-5.07910156
-6.56738281
-6.36621094
-3.86328125
1.8125
7.64257812
-5.8828125
-8.02734375
-8.32519531
-10.0537109
-11.2080078
-12.5712891
-13.4482422
-14.0908203
-14.8232422
-15.9804688
-17.3193359
-20.796875
-22.9052734
-21.5429688
-21.4335938
-8.10449219
4.16992188
3.04589844
4.37988281
4.73242188
5.55175781
6.08007812
6.20898438
6.66210938
6.85351562
7.47851562
9.01855469
10.0195312
9.08789062
7.625
1.3984375
-1.17285156
-0.180664062
-3.20996094
-2.90722656
-3.90820312
-4.54785156
-6.12597656
-6.78710938
-7.48242188
-7.92578125
-8.3515625
-7.78125
-8.75097656
-10.9658203
-13.1679688
-13.7587891
-14.6640625
0.65234375
0.265625
1.23535156
0.09765625
-0.65625
-0.494140625
0.0048828125
-0.215820312
0.85546875
2.03515625
1.33789062
2.01660156
2.95019531
2.20800781
2.23144531
-4.37597656
6.19433594
2.72851562
3.52636719
3.13964844
2.72363281
2.59179688
2.33398438
2.36132812
2.29980469
2.71875
4.765625
5.52050781
3.32226562
-0.374023438
-8.93261719
-13.5117188
1.72070312
-1.21582031
-0.794921875
-1.06640625
-1.38867188
-1.24902344
-1.37890625
-1.5625
-1.4765625
-1.34960938
-1.71191406
-1.3515625
-0.685546875
-1.66503906
-1.56933594
-2.65429688
5.45703125
3.56835938
1.82421875
2.48925781
2.86328125
2.08300781
1.40527344
1.1328125
1.04101562
1.22363281
2.82226562
3.92382812
2.12304688
-0.607421875
-6.27636719
-10.3486328
-0.208984375
-0.272460938
-0.314453125
-0.362304688
-0.41015625
-0.452148438
-0.483398438
-0.515625
-0.543945312
-0.581054688
-0.649414062
-0.732421875
-0.771484375
-0.759765625
-0.708007812
-0.372070312
-4.19335938
-6.50683594
-5.84765625
-6.87109375
-7.74316406
-8.70898438
-9.49609375
-9.92871094
-10.2539062
-11.3261719
-11.4111328
-13.2412109
-15.8769531
-15.6933594
-16.5019531
-4.15917969
0.182617188
-3.0390625
-3.55273438
-4.04199219
-4.18261719
-4.31445312
-4.77441406
-5.24804688
-5.96484375
-6.29589844
-8.65917969
-8.23046875
-7.265625
-7
-6.90332031
3.21777344
-1.96386719
-6.57128906
-3.94335938
-4.27050781
-6.21972656
-7.49902344
-7.35839844
-7.36328125
-7.81738281
-7.68847656
-7.4296875
-9.48730469
-10.8369141
-9.45898438
-4.79101562
-6.30664062
-1.31347656
-2.18945312
-1.10742188
-0.561523438
0.033203125
-0.474609375
-0.7890625
-0.462890625
-0.600585938
-1.03222656
-0.360351562
-1.03417969
-3.09667969
-2.63085938
-1.87890625
0.169921875
-3.17089844
-1.859375
-3.50488281
-4.19238281
-4.42871094
-4.64355469
-4.83007812
-5.3984375
-5.97070312
-7.48339844
-8.9375
-10.9169922
-11.1513672
-9.89648438
-9.46582031
-4.87207031
-2.34277344
-3.39746094
-2.24511719
-3.61425781
-3.76660156
-4.07421875
-4.11425781
-4.12597656
-3.79199219
-4.09863281
-5.24414062
-5.87597656
-6.99316406
-6.64257812
-7.30175781
-4.05957031
-7.1796875
-5.140625
-7.82617188
-8.16308594
-8.953125
-10.2207031
-11.0664062
-11.3505859
-12.1552734
-13.1035156
-14.4287109
-17.7753906
-19.0722656
-16.734375
-12.0224609
-0.103515625
-2.36621094
-1.78613281
-1.05957031
-0.879882812
-1.19433594
-1.65429688
-1.37304688
-1.13085938
-0.74609375
-0.102539062
0.282226562
0.389648438
0.998046875
1.48925781
1.56738281
3.12792969
-1.61621094
-1.50976562
-3.79101562
-5.75585938
-6.72070312
-6.96582031
-7.70605469
-8.48339844
-8.97265625
-8.70117188
-9.81347656
-10.9326172
-12.6113281
-14.5166016
-18.1572266
-18.7597656
2.76171875
2.62695312
-2.0234375
-2.26367188
-3.546875
-4.62011719
-5.58789062
-6.52148438
-7.08007812
-6.84863281
-6.71777344
-6.52832031
-7.76074219
-11.0019531
-17.6777344
-16.6259766
-2.91796875
-4.97265625
-5.50292969
-5.35253906
-5.73925781
-6.79101562
-7.82421875
-8.09960938
-8.78710938
-9.77832031
-10.0947266
-11.2539062
-12.3964844
-11.7480469
-9.65039062
-2.7265625
-1.93066406
-3.578125
-6.83203125
-7.80566406
-9.35742188
-10.9375
-12.3613281
-13.7597656
-15.171875
-16.0400391
-16.2607422
-17.515625
-20.9453125
-24.3623047
-31.3408203
-27.375
-5.34082031
2.83105469
-1.54589844
-1.76464844
-1.70800781
-1.3125
-1.21582031
-1.26269531
-1.42675781
-1.7109375
-2.20410156
-3.52929688
-2.24316406
-0.3671875
0.569335938
0.188476562
