-0.688476562
-1.23828125
-0.375976562
-0.836914062
-1.37890625
-1.66796875
-2.38574219
-3.44238281
-4.19921875
-4.75292969
-5.09082031
-5.52832031
-6.54199219
-7.43554688
-7.73730469
-2.89453125
-0.625
1.546875
-0.465820312
-0.515625
-0.224609375
-0.561523438
-0.931640625
-0.92578125
-1.08984375
-1.21777344
-1.67871094
-2.00683594
-2.23535156
-2.32421875
-1.94921875
-1.5625
0.01953125
-0.413085938
0.893554688
1.00097656
0.39453125
0.837890625
1.08984375
0.556640625
0.323242188
0.296875
0.202148438
0.420898438
0.431640625
0.373046875
-2.02832031
-3.35839844
1.10644531
0.71875
1.49707031
1.57910156
1.14355469
1.42382812
1.62402344
1.20703125
1.25292969
1.30566406
1.35546875
1.52734375
1.39257812
1.71582031
0.93359375
-1.75878906
2.01367188
0.723632812
1.34472656
1.26855469
1.26074219
1.61132812
1.61523438
1.74511719
1.46679688
1.50683594
1.48242188
1.33203125
1.80761719
2.11035156
2.015625
-4.29296875
-1.14550781
-2.2890625
-0.88671875
-1.3203125
-1.44824219
-1.64941406
-2.19042969
-2.65136719
-2.78808594
-2.70996094
-2.63183594
-2.94824219
-3.4296875
-3.71875
-1.45019531
-1.26171875
-0.186523438
-0.110351562
-0.159179688
-0.16796875
-0.1484375
-0.158203125
-0.166992188
-0.165039062
-0.174804688
-0.169921875
-0.193359375
-0.1953125
-0.204101562
-0.220703125
-0.326171875
-0.233398438
1.50390625
-1.35058594
-0.900390625
-0.854492188
-0.760742188
-1.0390625
-1.0390625
-1.06054688
-1.24804688
-1.515625
-1.59277344
-1.85839844
-2.15820312
-2.33203125
-0.741210938
-4.87988281
-4.11425781
-0.439453125
0.546875
-0.196289062
-0.614257812
-0.819335938
-1.7265625
-2.09667969
-1.62207031
-1.14648438
-0.8828125
-0.892578125
-1.13867188
-1.60742188
0.294921875
1.73730469
-3.33398438
-2.95703125
-2.24316406
-2.79980469
-3.34472656
-3.92480469
-4.95019531
-5.96484375
-6.47167969
-6.68652344
-7.0703125
-7.55664062
-8.39648438
-9.58789062
-7.66894531
-5.24707031
-3.45019531
-0.881835938
-0.279296875
-1.12890625
-0.938476562
-1.09570312
-1.890625
-2.21484375
-2.23925781
-1.98535156
-1.66699219
-2.109375
-2.41308594
-2.43164062
-0.877929688
2.79492188
-2.55761719
-2.87207031
-2.02636719
-2.578125
-3.21972656
-3.3828125
-4.29199219
-5.54003906
-6.15722656
-6.78710938
-7.23925781
-7.67089844
-8.65917969
-9.54785156
-11.6425781
-5.16015625
1.92382812
0.734375
1.30664062
1.68359375
1.68554688
1.95996094
2.66796875
2.92773438
3.14550781
3.47753906
3.59375
4.01074219
4.56347656
4.94238281
2.18164062
0.048828125
-0.188476562
-2.57226562
-1.99511719
-1.78613281
-2.17089844
-1.94628906
-1.86914062
-2.39355469
-3.04785156
-3.55859375
-4.10351562
-4.11621094
-4.453125
-4.85839844
-5.65136719
-7.51660156
-1.11035156
-1.24609375
-0.918945312
-0.75390625
-0.942382812
-0.920898438
-0.655273438
-0.856445312
-0.729492188
-1.03320312
-0.916015625
-0.599609375
-0.875
-1.22851562
0.525390625
-0.696289062
2.18457031
-0.443359375
0.30859375
0.741210938
0.750976562
1.29003906
1.98144531
2.03613281
1.72949219
1.53515625
1.40917969
1.64941406
1.88964844
2.12304688
-2.04980469
-5.95410156
0.430664062
-1.07421875
-1.34277344
-1.16113281
-1.05957031
-1.27148438
-1.1484375
-0.981445312
-1.02734375
-1.08886719
-1.24023438
-1.234375
-1.27246094
-1.44726562
-1.10839844
-1.22558594
2.9453125
1.18847656
0.5
0.857421875
0.8828125
1.078125
1.4375
1.58691406
1.34375
0.932617188
0.735351562
0.709960938
0.943359375
1.2578125
-0.755859375
-4.75390625
-0.10546875
-0.1171875
-0.122070312
-0.1328125
-0.142578125
-0.161132812
-0.188476562
-0.215820312
-0.240234375
-0.26171875
-0.28125
-0.3046875
-0.331054688
-0.362304688
-0.377929688
-0.205078125
-2.33105469
-3.25976562
-1.90722656
-1.91308594
-2.81152344
-2.8125
-2.96191406
-4.0859375
-4.85644531
-5.11328125
-5.58203125
-5.63867188
-6.14355469
-6.90527344
-8.359375
-3.89160156
1.11425781
-0.423828125
-1.38867188
-1.39941406
-0.654296875
-1.87890625
-2.33886719
-1.70898438
-1.91015625
-2.44824219
-2.34667969
-3.4296875
-3.30175781
-3.3984375
-3.73632812
3.00976562
-1.86914062
-4.31835938
-2.14160156
-2.5
-2.76757812
-2.64941406
-3.08886719
-3.5546875
-4.203125
-4.45996094
-4.48242188
-4.77734375
-4.89257812
-5.42773438
-5.14257812
-5.31054688
-0.206054688
-0.932617188
0.271484375
0.12890625
-0.170898438
0.052734375
-0.01171875
-0.270507812
-0.381835938
-0.27734375
-0.165039062
-0.200195312
-0.0634765625
0.12109375
-0.557617188
-1.40136719
-0.120117188
1.58105469
1.35546875
0.873046875
0.579101562
0.475585938
-0.243164062
-0.856445312
-1.07617188
-1.32519531
-1.60546875
-1.89746094
-2.54492188
-2.92578125
-3.33789062
-1.4765625
-0.977539062
-1.60058594
-0.791992188
-0.778320312
-1.203125
-1.20703125
-1.29492188
-1.8828125
-1.87890625
-2.17675781
-2.12597656
-2.20605469
-2.61523438
-2.9765625
-3.66796875
-2.10449219
-3.16894531
-1.03613281
-1.76855469
-2.44335938
-2.64550781
-2.95117188
-3.9921875
-4.70800781
-5.2109375
-5.5625
-5.9296875
-6.49316406
-7.11425781
-7.72949219
-7.75
-2.77050781
-2.74707031
-2.76269531
-2.13183594
-2.17382812
-2.171875
-2.11132812
-2.15625
-2.19335938
-2.14648438
-1.93652344
-1.84179688
-1.67480469
-1.6796875
-1.78027344
-2.08398438
-0.6796875
-1.35839844
-0.655273438
-1.90625
-1.80859375
-1.88085938
-2.33398438
-2.49902344
-2.91894531
-3.2734375
-3.91992188
-4.42871094
-4.77636719
-5.14648438
-5.85546875
-7.90429688
-7.43554688
0.745117188
0.27734375
-2.2890625
-2.03808594
-1.49511719
-1.8359375
-1.78710938
-1.54101562
-2.22558594
-3.09960938
-3.71386719
-4.24414062
-4.22949219
-4.359375
-7.39453125
-7.0703125
-1.36914062
-2.45703125
-2.20996094
-2.29003906
-2.41601562
-2.63867188
-2.93457031
-3.45703125
-4.12011719
-4.26855469
-4.69042969
-5.0078125
-5.234375
-5.52832031
-6.62207031
-4.20507812
-1.06640625
-2.04589844
-2.81933594
-2.85449219
-2.95410156
-3.28808594
-3.79785156
-4.34082031
-5.37011719
-6.36230469
-7.07617188
-7.91796875
-8.29785156
-8.79003906
-12.5927734
-12.2802734
-3.14355469
2.14941406
-0.325195312
-0.786132812
-0.553710938
-0.403320312
-1.01660156
-1.046875
-0.56640625
-0.514648438
-0.690429688
-0.5859375
-1.06347656
-1.1484375
-1.45410156
-0.685546875
