4.90150899e-01
-6.05640054e-01
3.70906405e-02
-5.15223555e-02
-3.08865458e-02
1.81962833e-01
-8.64154194e-03
2.65000582e-01
-1.31632343e-01
6.76794350e-01
1.18504860e-01
-3.49716306e-01
-4.82957363e-02
-2.70902365e-01
-2.78301597e-01
-9.65589583e-01
5.09683676e-02
-2.78017938e-01
8.26017708e-02
-2.98107248e-02
-5.12065366e-02
-7.04057515e-01
1.88007597e-02
-1.37271374e-01
-9.70861137e-01
-7.61850774e-02
8.65732431e-02
-9.22248483e-01
-1.46635354e-03
6.19116649e-02
-1.67762816e-01
-6.71745837e-01
