1.52108121
0
3.40248346
0.775759816
1.2456224
1.59629917
0
0.0572448224
0.925579846
0.282757044
1.77151799
1.31643724
0
1.47361994
1.93734074
0
0
1.54590762
0.303470999
1.08608043
0
0
0.665934861
1.05872643
0
0.263144791
0.0362126492
1.09619856
0.603938699
0
0.481645703
0.918282568
0
2.29691815
1.23629713
0
0
0.512928963
1.19773543
1.72862804
0
1.54502606
1.21769512
0
0.361683637
0.327812403
1.54206979
0
0.328648925
0
0.829974592
0
0
0
0.179986417
0
0.123970211
0
0.228776336
0
0.252991498
0.207748711
0.373410404
0
1.01609671
1.42883575
0
1.78665781
0.283807099
0.352544427
0.896521807
0.605059087
0.44168812
0
0
0.756914914
0.731787145
0
0.576636255
1.23763919
0.645654917
1.62975836
0
1.55542719
0.952275395
0.373399347
1.11391664
0.205233008
0.148373902
0
0.367557585
1.28148353
2.1142571
0
0.638811707
1.70875895
1.70239341
0.819195747
2.22661066
0
0.678849101
0.253149211
0
0.561354339
0.667133629
1.91519642
1.17032337
0.809723973
0
2.17022657
0.366820991
0.0436644405
1.21964216
0
1.75754154
0.0824971795
1.20886147
1.55124736
0.286027938
0.568073809
0.894073963
0.517068684
2.26063251
0.584382951
0
1.22538888
1.99370766
0.216641307
1.10703146
1.8392359
0
2.49061728
0.479078054
0.490180463
1.32754171
0.935177445
0.035372436
0
0
1.76143515
1.69865441
0
0.728739202
2.56189108
0
1.17030489
1.27983868
0
1.10990834
0.576703668
0.563064635
1.16385007
0.524492979
1.72530615
0.252169698
0
0.412986338
2.4291029
0
0.262942612
0
1.13393211
0
0.588546872
0.715386927
0
0.538518906
0.40018481
0.533874094
0.084480077
0
0
1.18377542
0
0
1.05157733
0
0.864605606
0
0.305417717
0
0
0.551343739
0.271618366
0
0
0
0.478495181
0.405480564
0
0
1.92092466
0.424998224
0.269522458
0
1.10940015
1.13843465
0.705192745
0.563293219
0.615918696
0.508139729
0
0
0.843339562
0.673584998
0.236740932
1.06999111
1.95285273
0
1.61353743
1.67089283
0.888337255
0.678270876
0
0
0.439853907
0
0
0
0
0.428892076
0
0
0
0
0
0.648643613
0
0
0
0
0
0
0.792580009
1.13344932
0.449409604
0
1.41231489
0
0
0.59600544
0
0
2.95646667
1.04230702
1.99989843
0
0
0.607531071
0.507766008
0.193175822
0.348148137
0.775756836
1.54208636
0.70809567
0
