0
0.22161442
0.312878013
0.274819702
0
0.192708939
0.128051817
0
0
0.017802
0
0.201161593
0.100825503
0
0.0349694192
0.180362046
1.58203447
0
0.147949323
0.246113896
0.107401803
0.256698132
0.154547408
0.20724681
0.235609695
0
0.0481688492
0
0
0
0
0
0
0
0
0
0
0
0
0
0
0
0.133332103
0.0428794026
0.180927545
0.237196356
0.119352847
2.61784649
0
0
0
0
0
0
0
0
0
0
0
0
0
0
0
0
1.91994452
1.01042068
1.00182176
1.38815022
1.47582603
1.54429078
2.0645926
2.43270373
2.51288939
2.73568726
2.84488511
3.05336857
3.43817353
3.65697241
4.13031197
1.73930824
0.916359067
0
0
0
0
0
0
0.0510513932
0
0
0
0
0
0
0
0
0
0
0
0
0
0
0
0
0
0
0
0
0
0
0
2.95725107
0
0.453430235
0.494350642
0.421027929
0.340999961
0.435859412
0.444599092
0.262463719
0.49231416
0.562388539
0.620236456
0.773592412
0.718422413
0.725668311
0.771832645
2.07191277
1.97355926
0
0
0.295553803
0.298330933
0.141687542
0.422518969
0.52263546
0.323613763
0.0662939698
0.00448520482
0
0.0377213359
0
0.0438935608
0
1.14736664
1.71376491
1.65346944
1.46804059
1.81345332
1.89106202
1.95545924
2.45980024
2.9409163
3.30983496
3.65764904
3.86709356
4.1153059
4.51339722
4.8026104
8.43536758
1.81928945
1.16364622
1.10390568
1.46298361
1.50262928
1.68327665
2.06277823
2.45378041
2.79641128
2.93844724
3.23516321
3.39728141
3.76657724
4.25443983
4.71359444
3.56771302
0.527911246
0
0
0
0
0
0
0
0
0
0
0
0
0.136668086
0.221504688
0
0.626493156
0.0793874636
0.0247030221
0.283864677
0.382160872
0.224238917
0.556182742
0.785353065
0.687859297
0.764169455
0.759072006
0.868967712
1.07409108
1.03773665
1.14401472
0.0993244648
2.08791041
1.89376545
1.72232199
1.72056758
1.64330709
1.62438595
1.60727274
1.50999725
1.63258004
1.54028356
1.63235986
1.59585798
1.41390038
1.60612643
1.81934309
2.39357901
0
0
0
0
0
0
0
0
0
0
0
0
0
0
0
0
0
0.30500412
0.215604514
0.068958506
0.286195844
0.00734592974
0.0699207336
0.275684118
0
0.291045904
0.0435372442
0.185653895
0.286045343
0
0.0140445679
1.28860569
