0
0.142576009
0
0
0
0
0
0.0245920792
0.0980059355
0
0.379391551
0
0
0.153500423
0.712208927
1.17945433
1.93166065
0.0120186694
0
0
0.465097278
0
0
0
0
0
0
0
0
0
0
0
0
0
0
0.536560416
0.717081547
0.170290321
0.276466578
0.632369876
0.491243869
0.760711432
0.867541432
0.610432267
0.772983313
1.80618751
2.56308389
7.29404306
0
0
0
0
0
0
0
0
0
0
0
0
0
0
0
0
3.68890691
2.92657423
3.5621016
3.94900179
4.290874
4.83802843
5.02656412
5.16685724
5.58276987
5.79247093
6.62903643
8.11003685
8.46914196
7.6893816
6.71324921
2.03245831
1.9480449
0
0.0382822752
0.118299976
0
0
0
0
0
0
0
0
0
0
0
0
0
0
0
0
0
0
0
0
0
0
0
0
0
0
0
6.70077038
0
0.580486178
0.63737309
0.573950768
0.803115726
0.697250366
0.979104877
1.18244982
1.33974802
1.46648312
1.65664041
1.30754042
1.41931617
2.70073915
3.06664324
4.82386112
3.47310305
0.440719008
0.603536546
0.49104023
0.353531361
0.248368055
0
0
0
0
0
0.535506129
0.313867629
0
0
0
1.85727227
2.91032839
3.39403486
4.23417377
4.75632763
5.55733109
6.29530287
6.81765699
7.10061693
7.63004208
7.74050808
8.33680534
10.4098167
11.6278601
11.582716
16.4139748
3.39115858
2.9478426
3.60092807
4.18679619
5.10956621
5.37577724
5.71315622
5.89032412
6.40421915
6.52207375
7.35856676
8.88578892
9.54357719
8.73492241
7.7791729
5.36074781
1.87076187
0.103700459
0.376607835
0.759394944
0.72910589
0.589019239
0.401320815
0.304594159
0.478425205
0.621427357
1.38360763
1.97292566
2.10905242
0.869950354
0.434752166
0
1.87605906
0.926052213
1.57197952
1.5017519
1.17664051
1.5646925
1.57520878
1.61027396
1.82668388
2.20948076
2.10986161
2.81298661
3.33728099
2.53706026
1.94617224
0
1.69370747
1.13237381
1.02416587
0.530410051
1.40426719
1.74870777
1.65643191
1.42403555
1.38777077
1.05368543
0.267020524
0.729048371
0.778876305
0
0
0.326956809
0
0
0
0
0
0
0
0
0
0
0
0
0
0
0
0
0
0.375238687
0.377677172
0.274958313
0
0.161162555
0.242776394
0.297250628
0.207324058
0.995720863
0.737126708
0
0.929855227
0.870068312
0.711259007
0.227764189
