1.77352142e+01
1.58944836e+01
0.00000000e+00
2.29797697e+00
5.09050941e+00
8.31927657e-01
1.12323308e+00
2.57601681e+01
0.00000000e+00
1.11299706e+00
0.00000000e+00
4.83846331e+00
7.05509365e-01
6.45681918e-01
3.92324829e+00
0.00000000e+00
0.00000000e+00
0.00000000e+00
0.00000000e+00
2.24683132e+01
0.00000000e+00
1.58714733e+01
0.00000000e+00
0.00000000e+00
5.41943398e+01
1.04198542e+01
4.54379320e+00
0.00000000e+00
0.00000000e+00
8.23964882e+00
0.00000000e+00
2.00889721e+01
6.96679993e+01
1.00558792e+02
4.06559830e+01
3.24414520e+01
4.77874641e+01
3.24434624e+01
5.50229311e-01
4.20249252e+01
6.58488159e+01
3.50088882e+01
0.00000000e+00
0.00000000e+00
1.10332546e+01
4.84769678e+00
1.32487030e+01
1.39198799e+01
1.41848981e-01
8.74264374e+01
2.00430145e+01
5.35251617e+01
1.91972580e+01
3.37399940e+01
2.85410519e+01
1.51213045e+01
6.89970551e+01
4.21137505e+01
9.97183037e+00
2.05914154e+01
4.06983662e+00
2.45357723e+01
1.20967674e+01
1.50877218e+01
1.30117121e+01
0.00000000e+00
2.63751459e+00
0.00000000e+00
0.00000000e+00
0.00000000e+00
0.00000000e+00
7.23990345e+00
1.49365509e+00
0.00000000e+00
0.00000000e+00
1.31155276e+00
2.26777577e+00
0.00000000e+00
3.15136862e+00
6.11926138e-01
5.38209419e+01
3.62850380e+01
3.31432991e+01
1.14262247e+01
1.40561924e+01
3.92759633e+00
3.35054474e+01
5.08410759e+01
0.00000000e+00
8.45444679e+00
1.03767765e+00
1.82863159e+01
1.39731026e+01
8.27458763e+00
1.68371391e+01
0.00000000e+00
2.26339283e+01
2.98611813e+01
1.68368740e+01
6.98686552e+00
9.05812931e+00
1.08281841e+01
3.84876680e+00
0.00000000e+00
3.36259575e+01
0.00000000e+00
2.78660679e+00
0.00000000e+00
3.96496868e+00
4.52764177e+00
0.00000000e+00
6.91840839e+00
2.23187943e+01
4.90890846e+01
2.38503342e+01
3.06570168e+01
1.11488600e+01
1.31298666e+01
3.06568680e+01
2.00784473e+01
2.34060078e+01
1.30752411e+01
6.36363697e+00
1.01498508e+01
7.67161846e+00
1.24410000e+01
9.54643631e+00
6.75447607e+00
1.61728687e+01
0.00000000e+00
8.60153866e+00
0.00000000e+00
6.48368502e+00
2.11290097e+00
0.00000000e+00
1.09734783e+01
1.59423332e+01
2.39345098e+00
4.93549585e+00
0.00000000e+00
5.65410376e+00
2.21536040e+00
3.37733722e+00
6.29493856e+00
4.97528410e+00
0.00000000e+00
1.60247552e+00
0.00000000e+00
0.00000000e+00
0.00000000e+00
0.00000000e+00
0.00000000e+00
0.00000000e+00
0.00000000e+00
0.00000000e+00
0.00000000e+00
0.00000000e+00
0.00000000e+00
0.00000000e+00
0.00000000e+00
0.00000000e+00
0.00000000e+00
0.00000000e+00
0.00000000e+00
0.00000000e+00
2.92866898e+00
0.00000000e+00
0.00000000e+00
1.33417320e+01
5.99685431e+00
0.00000000e+00
0.00000000e+00
0.00000000e+00
0.00000000e+00
0.00000000e+00
2.47579503e+00
6.08571663e+01
5.04847412e+01
4.94388046e+01
4.67910500e+01
2.97833862e+01
1.95863972e+01
8.18701363e+00
5.95696945e+01
5.07044144e+01
2.87358475e+01
1.51075850e+01
1.11583738e+01
1.79528751e+01
1.70751591e+01
1.49936323e+01
1.85811367e+01
4.07053185e+01
1.90284576e+01
3.40682335e+01
8.68924904e+00
1.01625376e+01
0.00000000e+00
6.33321342e+01
3.94383392e+01
2.01974773e+00
1.83909011e+00
6.17857695e+00
1.49413719e+01
1.19229536e+01
8.81575108e+00
1.34066238e+01
2.85460734e+00
0.00000000e+00
0.00000000e+00
0.00000000e+00
0.00000000e+00
0.00000000e+00
0.00000000e+00
0.00000000e+00
0.00000000e+00
0.00000000e+00
0.00000000e+00
0.00000000e+00
0.00000000e+00
0.00000000e+00
0.00000000e+00
0.00000000e+00
0.00000000e+00
1.95258980e+01
1.20439425e+01
1.63339233e+01
7.54232025e+00
1.52187243e+01
1.16980066e+01
9.60834885e+00
2.08810101e+01
7.10037422e+00
8.45178890e+00
4.83026981e+00
3.03497910e+00
6.55176067e+00
4.77410734e-01
4.17961311e+00
0.00000000e+00
9.82657471e+01
0.00000000e+00
4.15653000e+01
0.00000000e+00
0.00000000e+00
0.00000000e+00
9.74652786e+01
7.12320786e+01
0.00000000e+00
0.00000000e+00
0.00000000e+00
2.89631138e+01
2.25840034e+01
0.00000000e+00
1.71507416e+01
0.00000000e+00
