-6.88801587e-01
-1.23997092e+00
-3.79684627e-01
-8.39636505e-01
-1.38116908e+00
-1.67104793e+00
-2.38858390e+00
-3.44553232e+00
-4.20327473e+00
-4.75698280e+00
-5.09529638e+00
-5.53371096e+00
-6.54734421e+00
-7.44025612e+00
-7.74233723e+00
-2.89583588e+00
-6.23919964e-01
1.54741943e+00
-4.65103626e-01
-5.14794469e-01
-2.23347858e-01
-5.59532940e-01
-9.29271162e-01
-9.23372567e-01
-1.08726072e+00
-1.21455419e+00
-1.67569995e+00
-2.00340962e+00
-2.23151946e+00
-2.32050037e+00
-1.94699681e+00
-1.55663395e+00
1.84043944e-02
-4.12708074e-01
8.93090248e-01
9.99874711e-01
3.93260926e-01
8.36906314e-01
1.08922553e+00
5.55159688e-01
3.21082860e-01
2.94106632e-01
1.99112564e-01
4.17223603e-01
4.28095788e-01
3.69853646e-01
-2.03481698e+00
-3.36311626e+00
1.10759735e+00
7.16054738e-01
1.49564958e+00
1.57773185e+00
1.14144707e+00
1.42178273e+00
1.62253976e+00
1.20484900e+00
1.24972773e+00
1.30221105e+00
1.35202265e+00
1.52265334e+00
1.38839340e+00
1.71176600e+00
9.29251492e-01
-1.76434684e+00
2.01222777e+00
7.21813679e-01
1.34306622e+00
1.26587546e+00
1.25881302e+00
1.60984516e+00
1.61204851e+00
1.74242687e+00
1.46491468e+00
1.50434613e+00
1.47925556e+00
1.32952619e+00
1.80387437e+00
2.10736060e+00
2.01084805e+00
-4.29923582e+00
-1.14420676e+00
-2.28831601e+00
-8.85847509e-01
-1.31842852e+00
-1.44602656e+00
-1.64796519e+00
-2.18804741e+00
-2.64810753e+00
-2.78524995e+00
-2.70608187e+00
-2.62718296e+00
-2.94259906e+00
-3.42417622e+00
-3.71243262e+00
-1.44259501e+00
-1.25633121e+00
-1.87822312e-01
-1.11852624e-01
-1.61861286e-01
-1.69939712e-01
-1.50776550e-01
-1.61137417e-01
-1.69177487e-01
-1.68232858e-01
-1.78323537e-01
-1.73871174e-01
-1.97537571e-01
-1.99761838e-01
-2.08771333e-01
-2.26120025e-01
-3.30617279e-01
-2.37990901e-01
1.50263286e+00
-1.34866750e+00
-9.00385141e-01
-8.54746342e-01
-7.60730624e-01
-1.03889072e+00
-1.03998613e+00
-1.06040978e+00
-1.24701500e+00
-1.51481390e+00
-1.59211206e+00
-1.85802507e+00
-2.15767479e+00
-2.33104944e+00
-7.40329385e-01
-4.87494850e+00
-4.11084461e+00
-4.36596274e-01
5.50545514e-01
-1.92171335e-01
-6.10338867e-01
-8.14732909e-01
-1.72080338e+00
-2.09123468e+00
-1.61549377e+00
-1.13900959e+00
-8.74306142e-01
-8.83604348e-01
-1.12906694e+00
-1.59754968e+00
3.06475937e-01
1.74496710e+00
-3.33163095e+00
-2.95230198e+00
-2.23881555e+00
-2.79591346e+00
-3.34003615e+00
-3.91978431e+00
-4.94520664e+00
-5.95836926e+00
-6.46500206e+00
-6.67951107e+00
-7.06229210e+00
-7.54675102e+00
-8.38585377e+00
-9.57665443e+00
-7.65755367e+00
-5.23970032e+00
-3.44721222e+00
-8.78450990e-01
-2.77175248e-01
-1.12692249e+00
-9.36413825e-01
-1.09341645e+00
-1.88865769e+00
-2.21330523e+00
-2.23788404e+00
-1.98306060e+00
-1.66330385e+00
-2.10634732e+00
-2.41018391e+00
-2.42901969e+00
-8.73576820e-01
2.79633188e+00
-2.55701399e+00
-2.86872935e+00
-2.02407336e+00
-2.57475305e+00
-3.21663570e+00
-3.37931156e+00
-4.28777409e+00
-5.53590155e+00
-6.15257549e+00
-6.78212261e+00
-7.23413324e+00
-7.66446972e+00
-8.65244389e+00
-9.53978920e+00
-1.16355619e+01
-5.15373755e+00
1.92108011e+00
7.31884181e-01
1.30408144e+00
1.68063402e+00
1.68213463e+00
1.95695138e+00
2.66467118e+00
2.92420411e+00
3.14121556e+00
3.47398615e+00
3.58904767e+00
4.00633907e+00
4.55784369e+00
4.93702745e+00
2.17494726e+00
4.52295542e-02
-1.89393878e-01
-2.57486320e+00
-1.99604058e+00
-1.78710437e+00
-2.17238283e+00
-1.94784284e+00
-1.87152183e+00
-2.39642787e+00
-3.05087090e+00
-3.56207514e+00
-4.10654640e+00
-4.11924791e+00
-4.45636654e+00
-4.86182070e+00
-5.65364981e+00
-7.52251768e+00
-1.11098933e+00
-1.24849629e+00
-9.18895185e-01
-7.54853666e-01
-9.44017231e-01
-9.21682179e-01
-6.55947924e-01
-8.56262624e-01
-7.28802741e-01
-1.03288722e+00
-9.15430427e-01
-5.98829746e-01
-8.73139739e-01
-1.22574747e+00
5.24781287e-01
-6.94833755e-01
2.18380380e+00
-4.42642421e-01
3.08755577e-01
7.42690921e-01
7.52162337e-01
1.29119337e+00
1.98273885e+00
2.03821254e+00
1.73145425e+00
1.53797066e+00
1.41165757e+00
1.65163577e+00
1.89189756e+00
2.12642193e+00
-2.04440236e+00
-5.95563030e+00
4.30119216e-01
-1.07265437e+00
-1.34272361e+00
-1.16093254e+00
-1.05981243e+00
-1.27116561e+00
-1.14837527e+00
-9.82116163e-01
-1.02717161e+00
-1.09008050e+00
-1.24056792e+00
-1.23516417e+00
-1.27395570e+00
-1.44863474e+00
-1.11137593e+00
-1.22675717e+00
2.94492388e+00
1.18792415e+00
4.98839140e-01
8.55917037e-01
8.81097853e-01
1.07738042e+00
1.43549967e+00
1.58480740e+00
1.34217715e+00
9.30122912e-01
7.31750071e-01
7.06518114e-01
9.39651787e-01
1.25453091e+00
-7.58655190e-01
-4.75474834e+00
-1.07287765e-01
-1.19789086e-01
-1.23857744e-01
-1.35205820e-01
-1.45176053e-01
-1.64692879e-01
-1.92655832e-01
-2.20880374e-01
-2.45769590e-01
-2.67763287e-01
-2.87430316e-01
-3.10741752e-01
-3.37927282e-01
-3.70077312e-01
-3.86141092e-01
-2.09999070e-01
-2.33032417e+00
-3.26059818e+00
-1.90727043e+00
-1.91262305e+00
-2.81106925e+00
-2.81278396e+00
-2.96058178e+00
-4.08471251e+00
-4.85567951e+00
-5.11281109e+00
-5.58102608e+00
-5.63689661e+00
-6.14155483e+00
-6.90279818e+00
-8.35649776e+00
-3.89406943e+00
1.11558151e+00
-4.22865599e-01
-1.38821077e+00
-1.39923930e+00
-6.53549314e-01
-1.87777913e+00
-2.33806109e+00
-1.70808578e+00
-1.90905702e+00
-2.44733167e+00
-2.34505057e+00
-3.42845774e+00
-3.30009985e+00
-3.39837313e+00
-3.73304272e+00
3.01545405e+00
-1.86820507e+00
-4.32026100e+00
-2.14157248e+00
-2.50074744e+00
-2.76798248e+00
-2.64925170e+00
-3.08918476e+00
-3.55539989e+00
-4.20381117e+00
-4.46106291e+00
-4.48293447e+00
-4.77718878e+00
-4.89253521e+00
-5.42754650e+00
-5.14189005e+00
-5.31103611e+00
-2.06181347e-01
-9.30996895e-01
2.71242619e-01
1.28934264e-01
-1.71016246e-01
5.32723665e-02
-1.17281675e-02
-2.70423114e-01
-3.81410867e-01
-2.77242452e-01
-1.65153831e-01
-2.00777620e-01
-6.39841259e-02
1.20646477e-01
-5.59201241e-01
-1.40009093e+00
-1.19239986e-01
1.57861114e+00
1.35386848e+00
8.72098982e-01
5.78561008e-01
4.74686086e-01
-2.43789732e-01
-8.57804418e-01
-1.07884037e+00
-1.32724786e+00
-1.60754073e+00
-1.89953697e+00
-2.54700947e+00
-2.92811012e+00
-3.34007549e+00
-1.47483957e+00
-9.73956764e-01
-1.60150731e+00
-7.92806029e-01
-7.78299034e-01
-1.20413041e+00
-1.20762587e+00
-1.29518020e+00
-1.88310111e+00
-1.88023341e+00
-2.17795110e+00
-2.12655067e+00
-2.20708299e+00
-2.61638260e+00
-2.97741127e+00
-3.67071104e+00
-2.10872674e+00
-3.16793656e+00
-1.03580821e+00
-1.76825428e+00
-2.44327807e+00
-2.64590383e+00
-2.95057321e+00
-3.99125123e+00
-4.70815182e+00
-5.21041393e+00
-5.56192398e+00
-5.92893457e+00
-6.49258137e+00
-7.11226416e+00
-7.72861242e+00
-7.75035954e+00
-2.77199078e+00
-2.74666595e+00
-2.76328039e+00
-2.13113785e+00
-2.17330551e+00
-2.17101121e+00
-2.11029291e+00
-2.15494633e+00
-2.19169712e+00
-2.14518142e+00
-1.93447125e+00
-1.83945906e+00
-1.67216396e+00
-1.67636454e+00
-1.77598894e+00
-2.07680225e+00
-6.77178741e-01
-1.35802829e+00
-6.53826714e-01
-1.90479732e+00
-1.80768299e+00
-1.87970591e+00
-2.33222842e+00
-2.49736047e+00
-2.91736245e+00
-3.27156782e+00
-3.91712427e+00
-4.42628002e+00
-4.77384424e+00
-5.14376879e+00
-5.85241365e+00
-7.90109110e+00
-7.43841171e+00
7.45558023e-01
2.79599816e-01
-2.28886533e+00
-2.03750730e+00
-1.49447596e+00
-1.83543432e+00
-1.78654277e+00
-1.54017639e+00
-2.22408843e+00
-3.09824729e+00
-3.71385932e+00
-4.24430609e+00
-4.22922707e+00
-4.35923195e+00
-7.39180374e+00
-7.06945467e+00
-1.36802220e+00
-2.45754409e+00
-2.20917654e+00
-2.28966594e+00
-2.41576672e+00
-2.63736606e+00
-2.93347788e+00
-3.45686412e+00
-4.11951256e+00
-4.26809120e+00
-4.68900251e+00
-5.00660992e+00
-5.23300743e+00
-5.52734756e+00
-6.61842871e+00
-4.20884562e+00
-1.06842375e+00
-2.04790378e+00
-2.82070971e+00
-2.85676241e+00
-2.95661211e+00
-3.29022169e+00
-3.80022764e+00
-4.34422159e+00
-5.37261105e+00
-6.36556101e+00
-7.07955074e+00
-7.92050362e+00
-8.30056572e+00
-8.79293823e+00
-1.25931683e+01
-1.22849693e+01
-3.14310551e+00
2.15074062e+00
-3.22858423e-01
-7.84730911e-01
-5.52549362e-01
-4.01221246e-01
-1.01442611e+00
-1.04553568e+00
-5.65352440e-01
-5.11612535e-01
-6.88149095e-01
-5.83986521e-01
-1.06111872e+00
-1.14642692e+00
-1.45351791e+00
-6.81951523e-01
