2.31912880e+01
-1.70767384e+01
1.62175217e+01
-2.28547573e+01
-1.38888340e+01
3.43960609e+01
3.46905327e+01
-2.86176128e+01
-4.04204140e+01
-1.93551941e+01
1.02656279e+01
1.14330149e+00
-2.21458769e+00
1.44718885e+00
6.06765509e-01
-9.16399765e+00
-1.60867523e+02
-1.55504227e+02
-4.73723526e+01
-6.03304443e+01
-1.08642406e+01
-9.75732346e+01
-1.65699997e+02
-1.90969528e+02
-9.01826324e+01
3.70766563e+01
-1.40747299e+01
-5.33138275e+01
-5.01399574e+01
-4.52744064e+01
-2.75887547e+01
-1.55375652e+01
-8.10947723e+01
-5.12696381e+01
-5.61738930e+01
-4.28372841e+01
-3.75983887e+01
-2.27814369e+01
-2.94520340e+01
-4.10569229e+01
-3.63703957e+01
-1.88454838e+01
-8.85853195e+00
-1.10085087e+01
-1.22209005e+01
-1.39518175e+01
-1.87251244e+01
-6.29907513e+00
-4.31595192e+01
3.09084015e+01
4.17870369e+01
1.28527374e+01
1.31608839e+01
7.92646561e+01
4.97105103e+01
-4.50977516e+01
8.40412998e+00
4.58848534e+01
3.99135551e+01
5.98961687e+00
-1.20746956e+01
8.88369465e+00
-7.50682592e+00
4.15303516e+00
-2.01872845e+01
-2.95687981e+01
-5.57312775e+01
-8.32263088e+00
-2.15256615e+01
-7.87828751e+01
-3.91496925e+01
5.64732742e+01
-3.08445024e+00
-4.57618561e+01
-4.58619423e+01
-1.91505222e+01
-1.18893588e+00
-1.67496319e+01
-2.88385439e+00
-2.01983476e+00
-6.00050020e+00
-1.11159058e+02
-7.21793671e+01
-4.05394096e+01
-1.55014553e+01
-3.15205784e+01
-6.12620354e+01
-7.04324646e+01
-7.43852005e+01
-6.38819923e+01
-1.98982677e+01
-2.36100674e+01
-3.12792206e+01
-2.40638332e+01
-2.27904510e+01
-2.56493034e+01
-3.89878893e+00
-7.19733381e+00
-3.61559868e+00
-4.38200521e+00
-2.27807093e+00
-4.65812302e+00
-2.50326848e+00
-3.76834464e+00
-6.96453762e+00
-8.92158329e-01
-1.53686452e+00
-6.71619833e-01
-1.06307566e+00
-2.16150069e+00
-6.02149665e-01
-1.45738971e+00
2.29325714e+01
-1.35695679e+02
-1.01321815e+02
-8.66909103e+01
-6.12536201e+01
-1.53438902e+01
-2.20452189e+00
-6.31918907e+01
-1.21047127e+02
-9.60297699e+01
-2.63988876e+01
-3.83065915e+00
-1.93335972e+01
-2.53189926e+01
-2.26022186e+01
-3.42331085e+01
-3.92012405e+01
1.39015102e+01
2.20627136e+01
6.39200592e+00
5.55506420e+00
8.93210888e+00
-1.07143488e+01
-2.03071823e+01
2.95800734e+00
9.81490135e+00
1.34390831e+01
-1.67945995e+01
-8.02091980e+00
-7.26947021e+00
-1.81661606e+01
1.17545092e+00
2.48739281e+01
1.84430084e+01
1.82644863e+01
3.36147332e+00
7.18815327e+00
2.14695358e+00
9.30380726e+00
-1.08006849e+01
-1.81607189e+01
5.02167130e+00
-5.17984772e+00
-1.15292263e+01
-1.28374968e+01
-5.38680458e+00
-8.91474152e+00
-7.00236607e+00
-5.35147667e+00
-2.21988316e+01
-3.45779648e+01
-1.51543264e+01
2.43935180e+00
-1.19555445e+01
-3.97114601e+01
-1.70079193e+01
-3.47632065e+01
-3.04263935e+01
-7.59988976e+00
-1.98907547e+01
-1.07876930e+01
-9.74673653e+00
-1.15143309e+01
-1.92529831e+01
-2.85765362e+01
-9.15619755e+00
-3.64736214e+01
-8.00752926e+00
-3.82356606e+01
-7.36941528e+00
-5.77655935e+00
-2.78777294e+01
-2.82644711e+01
-3.07381554e+01
-6.85677958e+00
-6.79405975e+00
-9.92207909e+00
3.10161924e+00
-1.82170811e+01
-4.63120461e+00
-3.08869457e+01
-4.01453629e+01
-1.79616165e+01
-2.23830433e+01
-6.51309919e+00
-2.34423504e+01
1.12553949e+01
-5.27499247e+00
-9.09469986e+00
-1.21569566e-01
-1.95682144e+00
1.42484713e+00
3.59993601e+00
-8.76806450e+00
-2.86145639e+00
5.91951072e-01
4.35553856e+01
-5.79632721e+01
-9.79959793e+01
-6.01658249e+01
-6.17613945e+01
-4.10681953e+01
1.46264493e+00
-2.94539719e+01
-7.27688293e+01
-9.94280396e+01
-4.75436134e+01
-1.54974747e+00
-2.24244518e+01
-1.96934700e+01
-1.61929779e+01
-2.65369492e+01
2.22548904e+02
2.16409958e+02
1.45978989e+02
1.07513855e+02
6.89237518e+01
1.67684952e+02
2.10475830e+02
1.61844711e+02
1.21404846e+02
3.29636230e+01
6.11638718e+01
6.18217583e+01
5.18841362e+01
5.98952446e+01
3.63764153e+01
1.73851891e+01
-8.95316238e+01
-1.53378464e+02
-1.65823410e+02
-1.04500885e+02
-1.08170174e+02
-6.40826645e+01
-6.21899757e+01
-1.07291245e+02
-1.38609604e+02
-1.10265831e+02
-5.08716240e+01
-1.52749205e+01
-2.96179008e+01
-2.38447361e+01
-3.41263084e+01
-2.95796146e+01
1.84570160e+01
-6.03674660e+01
-5.00958977e+01
-3.62452049e+01
-3.44738312e+01
-2.79345341e+01
-7.01516724e+00
-2.88149300e+01
-3.61059341e+01
-3.99177017e+01
-1.70680923e+01
-2.63124776e+00
-1.05876017e+01
-1.20293016e+01
-1.28749189e+01
-6.48489761e+00
-4.66050644e+01
-4.49393845e+00
-3.27450633e-01
1.23122835e+01
8.21578217e+00
-8.31710529e+00
-3.65980759e+01
7.73059177e+00
5.16701584e+01
1.70251522e+01
8.57495010e-01
-6.97346926e+00
-1.06538606e+00
4.26627755e-01
9.23107433e+00
2.12425308e+01
-4.58329499e-01
-4.96755034e-01
-3.61282676e-01
-2.08544761e-01
-1.51330367e-01
-3.65140915e-01
-5.22640765e-01
-5.33655465e-01
-3.91411453e-01
-2.29428887e-01
-1.88870803e-01
-1.77882046e-01
-1.66300178e-01
-1.93257704e-01
-1.71792075e-01
-8.60962644e-02
-3.84529037e+01
3.56924667e+01
-1.66510925e+01
1.10479469e+01
6.62425900e+00
1.59349232e+01
3.09800982e-01
-4.01632080e+01
1.72485771e+01
1.24144373e+01
-3.37839365e+00
3.64609456e+00
-2.09917374e+01
2.09741354e+00
-2.83037138e+00
1.14160323e+00
-9.34629593e+01
-9.27653275e+01
-4.87207985e+01
-6.40172195e+01
-6.13484230e+01
-9.36126709e+01
-1.05253784e+02
-7.83129730e+01
-3.27728043e+01
-3.24114189e+01
-3.76010513e+01
-4.32019196e+01
-8.23013878e+00
-2.99564648e+01
-2.98183346e+01
-6.53172076e-01
4.97210236e+01
-1.96646194e+01
-4.15597305e+01
-4.20231438e+00
-1.24146109e+01
-6.87089844e+01
-5.23045654e+01
7.56339417e+01
-6.30883038e-01
-7.62334061e+01
-3.92497902e+01
-1.84494057e+01
5.89193630e+00
-4.76235723e+00
2.43325615e+00
-9.61746788e+00
-4.50690384e+01
5.69571400e+00
-3.65651274e+00
-8.19452190e+00
2.53442693e+00
-2.33944535e+00
-2.39365978e+01
1.92003965e+00
4.97714996e+00
1.52627831e+01
-8.57606888e+00
-1.22993736e+01
-1.03091383e+01
-1.18057909e+01
-3.23303890e+00
1.34705949e+00
-8.82585602e+01
-4.58555069e+01
-4.55339127e+01
-8.34405613e+00
-4.04912987e+01
-1.06471853e+01
-5.25909843e+01
-9.09530487e+01
-3.71998100e+01
-1.44490795e+01
-9.61079788e+00
-1.69279251e+01
-2.73754196e+01
-2.31933165e+00
-2.22069073e+01
-4.76399279e+00
-2.80244331e+01
-7.78323746e+01
-1.06418152e+02
-7.99265518e+01
-7.87690277e+01
1.86662312e+01
1.71402626e+01
-6.20568466e+01
-9.14918900e+01
-8.72417831e+01
-2.22151127e+01
-8.29341793e+00
-1.76379108e+01
-1.45753565e+01
-3.35327797e+01
-2.48901825e+01
-3.96059775e+00
9.13046799e+01
5.46271248e+01
3.92265358e+01
2.52852287e+01
1.39592247e+01
-1.61496506e+01
1.00081167e+01
4.94154434e+01
5.09732590e+01
-4.86800909e+00
-1.27562094e+01
-5.24065542e+00
3.52170682e+00
5.07828951e+00
1.29483471e+01
3.69402695e+01
5.59013863e+01
8.78547897e+01
4.10023079e+01
3.51523590e+01
2.91654892e+01
9.59979534e+00
1.94339991e+00
2.17184181e+01
1.40906315e+01
1.93816986e+01
5.35353422e+00
8.27463055e+00
1.14413834e+01
1.46543703e+01
8.71696568e+00
-6.12678909e+01
-5.79370651e+01
-6.73388062e+01
-3.98580475e+01
-5.00339928e+01
-3.12176914e+01
1.95423603e-01
-3.55414009e+01
-3.76940575e+01
-2.08214931e+01
-1.19287844e+01
3.70791078e+00
-7.87653327e-02
-6.99297142e+00
-1.82635384e+01
-6.11387300e+00
-9.05107117e+01
-3.45871620e+01
1.60150776e+01
5.07035065e+00
-2.24702311e+00
-2.64865894e+01
-6.61709309e+00
1.59537201e+01
1.52523594e+01
3.48637581e+01
1.01265030e+01
5.31485844e+00
1.52227154e+01
5.46862984e+00
1.88307743e+01
1.98747139e+01
-7.54908752e+01
-2.32337933e+01
3.86959076e+01
1.80569153e+01
4.81627235e+01
-3.17639275e+01
-1.11128220e+02
-7.91896515e+01
2.91178551e+01
6.95167847e+01
1.03179336e+00
-3.71357994e+01
-3.10352497e+01
-1.65752640e+01
1.17273760e+00
9.49711132e+00
-1.23372841e+02
-2.87871399e+01
3.15408707e+00
1.35718689e+01
4.56636238e+00
-5.17014847e+01
-7.30751419e+01
-1.59357338e+01
2.21781178e+01
1.53525200e+01
4.91679955e+00
-8.79935837e+00
9.96660137e+00
5.81193304e+00
1.12257271e+01
1.31227360e+01
-1.11103912e+02
-4.64267807e+01
-3.10018826e+01
-1.84362659e+01
-2.27564659e+01
-3.23883820e+01
-8.12309875e+01
-8.44898148e+01
-5.24203606e+01
-3.61384720e-01
2.72388244e+00
-2.31539440e+01
-1.82295055e+01
-9.11172295e+00
-1.75392628e+01
-9.58957481e+00
