1.95232898e-01
-2.24573482e-02
-1.31470347e-02
-9.43815336e-02
-8.77003223e-02
-2.13744566e-02
-1.61953390e-01
1.95467860e-01
7.18766376e-02
-8.01604539e-02
-1.00903995e-01
4.93113212e-02
5.24315834e-02
-2.94422600e-02
1.58898041e-01
7.60757551e-02
7.26634786e-02
4.05214764e-02
-2.49230824e-02
2.62766387e-02
-1.82667166e-01
-1.22160256e-01
2.19744250e-01
-1.26036284e-02
1.00517474e-01
3.08007635e-02
-1.02074899e-01
-5.66623658e-02
2.35420372e-02
-8.71197879e-02
-2.68819788e-03
-1.34873196e-01
6.16384894e-02
2.88813207e-02
-2.91085932e-02
2.54394952e-02
-8.97026509e-02
1.27488643e-01
-1.22217506e-01
9.27578583e-02
1.18914463e-01
-7.55250975e-02
2.92943537e-01
2.02747971e-01
2.52655745e-02
1.32165506e-01
-4.51430976e-01
1.03499211e-01
-1.21144697e-01
-6.84466809e-02
-3.06274235e-01
-2.94528842e-01
-4.81388271e-02
4.93315198e-02
-3.60792428e-02
5.42985350e-02
-1.95605727e-03
8.09597448e-02
-6.34758770e-02
-5.83613217e-01
1.04439318e-01
3.32624137e-01
-8.43860880e-02
-1.83974653e-02
1.08219333e-01
8.21388811e-02
1.78051636e-01
-3.47833931e-01
-1.57802254e-01
-5.99875152e-01
-2.07121029e-01
4.93994027e-01
-1.44699560e-02
-1.82151243e-01
-2.93154180e-01
7.19537437e-02
1.66840911e-01
2.96456844e-01
4.38071191e-01
-3.07130646e-02
-2.04332814e-01
2.16424495e-01
-4.01762217e-01
6.91412166e-02
-1.68128997e-01
-3.61295819e-01
3.79775167e-01
1.52737692e-01
-3.66132587e-01
2.44457245e-01
-4.31354105e-01
-6.85751736e-02
1.29580244e-01
-3.85558456e-01
-5.48002899e-01
-1.75784621e-02
-6.91127628e-02
-6.83816895e-02
8.01484212e-02
-4.46351692e-02
-1.03919946e-01
6.01163767e-02
-7.98859596e-02
1.45959435e-02
1.50370046e-01
1.10890046e-01
-2.84356996e-02
1.70279413e-01
5.67615703e-02
1.42043456e-01
3.38356942e-03
-9.08194035e-02
-1.78613976e-01
2.66887918e-02
-9.11664367e-02
1.10948257e-01
8.17592219e-02
-2.12198161e-02
3.38529348e-02
5.40451929e-02
-2.44929697e-02
3.29940021e-02
-9.80907753e-02
-7.59125650e-02
1.26197323e-01
-1.20378345e-01
-8.21070299e-02
7.63235018e-02
-1.88983865e-02
-7.06323758e-02
8.05790946e-02
-1.01982191e-01
-4.77054082e-02
2.24151239e-02
-2.91020036e-01
8.84555578e-02
8.13854188e-02
1.28705380e-03
-1.02807857e-01
9.29062217e-02
4.98275906e-02
5.89221381e-02
-2.41852589e-02
-5.22074895e-03
-9.77914929e-02
5.87192252e-02
-7.02684894e-02
2.92477217e-02
4.43938859e-02
-9.93095934e-02
1.69061534e-02
1.33551890e-02
8.49859044e-03
2.38445662e-02
-8.84032026e-02
-3.31237346e-01
1.07144900e-01
-3.63341197e-02
-1.34993061e-01
2.71767117e-02
8.56736973e-02
4.03502360e-02
1.06622227e-01
-9.05290470e-02
-8.07518046e-03
3.01326811e-02
1.26921944e-03
-8.85533690e-02
8.70198756e-02
-3.60913854e-03
-1.21845994e-02
8.28643329e-03
7.67909139e-02
-4.34253365e-02
-1.17819831e-01
3.29903327e-02
1.41020594e-02
3.76673602e-02
-3.32003571e-02
7.28439018e-02
-3.12124174e-02
5.86894602e-02
1.51068032e-01
4.75065596e-03
-4.06847112e-02
8.39041919e-02
-1.55508053e-02
-1.04742117e-01
6.97919950e-02
-2.89268196e-02
-9.18548182e-02
6.22086413e-02
-6.51470013e-03
-5.68985194e-02
2.13918880e-01
-1.20618261e-01
-6.42512599e-03
-1.72486395e-01
1.35975435e-01
2.47966185e-01
9.60937515e-02
-9.99851152e-02
-2.17396587e-01
-1.73642531e-01
-9.37346965e-02
2.77300417e-01
2.02086389e-01
2.23646060e-01
7.80316070e-04
7.97973052e-02
-3.73150170e-01
2.19752282e-01
-1.39878973e-01
-1.24891460e-01
2.23030165e-01
1.09632351e-01
-3.34773548e-02
1.38391674e-01
-3.51638228e-01
1.58089623e-01
-5.52786998e-02
-2.91986108e-01
-1.49012148e-01
-1.47446971e-02
-2.41620038e-02
4.98475246e-02
2.80815121e-02
-1.10362545e-01
4.53564189e-02
-8.98361802e-02
6.62741661e-02
1.41911060e-01
-2.46277661e-03
7.68854320e-02
-5.17888069e-02
2.76973546e-02
9.38542858e-02
3.67137566e-02
-8.07388574e-02
-2.13523626e-01
-8.09182376e-02
-6.99451044e-02
-9.07908827e-02
-1.28472805e-01
-1.40974268e-01
-5.31474985e-02
-3.99990827e-02
6.13472350e-02
1.54485330e-02
6.93874285e-02
9.89219174e-03
-1.51998162e-01
3.62342671e-02
-9.32212844e-02
-1.62276596e-01
6.91379607e-02
-2.58303970e-01
3.54311801e-02
2.44666170e-02
-1.35419481e-02
2.35019755e-02
4.95539606e-02
-6.89544603e-02
9.37892348e-02
3.73612791e-02
3.33077461e-02
-4.81549650e-02
6.55338168e-02
-8.79163574e-03
6.28010854e-02
-1.87902346e-01
-5.78620918e-02
-9.47030336e-02
-1.58143435e-02
-7.22461715e-02
5.20582572e-02
7.85433054e-02
-1.04056269e-01
-2.15961393e-02
-4.04301696e-02
2.68993173e-02
1.86807252e-02
6.06677588e-03
-1.82294935e-01
4.94968593e-02
-8.68504420e-02
-1.12139054e-01
3.72385867e-02
1.40244797e-01
-3.90204787e-02
8.81570950e-02
-1.77337274e-01
-2.07770411e-02
-2.41688430e-01
-1.06661640e-01
2.89719105e-01
-8.14587846e-02
-1.01981908e-01
1.16787881e-01
-1.74269781e-01
1.21152997e-01
-9.45344940e-03
2.32858453e-02
1.92495044e-02
1.67507514e-01
-3.65641229e-02
5.66880442e-02
-4.05123979e-02
-1.29403949e-01
-1.81912050e-01
-7.47824088e-02
-5.01685366e-02
1.15508042e-01
7.16463923e-02
-1.27116516e-02
1.14488006e-01
2.82002613e-02
-4.81719710e-02
-1.40686482e-01
3.16210575e-02
-1.05648458e-01
-4.27601486e-02
9.35754478e-02
-1.88103262e-02
1.09124705e-01
-3.72454338e-02
-1.51998222e-01
1.08505994e-01
-7.39172250e-02
4.98590097e-02
6.48685843e-02
-4.13254239e-02
1.97477955e-02
8.32969695e-03
-1.23449951e-01
-1.36256784e-01
-9.97676421e-03
3.27749774e-02
-6.87208101e-02
1.90307572e-03
2.80905031e-02
-6.57045096e-02
-7.48557746e-02
-2.24588085e-02
-5.90367950e-02
-7.28650242e-02
-1.29142997e-03
-2.07511097e-01
3.19007002e-02
-2.54794378e-02
-1.04017764e-01
-1.30521916e-02
-2.03016371e-01
8.27027559e-02
5.55478744e-02
6.96916552e-03
-6.41732663e-02
2.08491102e-01
-1.00927256e-01
1.78508654e-01
7.01930895e-02
1.59834266e-01
4.87393215e-02
1.22517630e-01
-1.75452940e-02
-5.78297861e-03
-2.05032930e-01
3.27889156e-03
-1.15934603e-01
-1.13383152e-01
-5.31618204e-03
-7.87033606e-03
5.16402796e-02
-1.03329174e-01
-1.40757993e-01
6.57403562e-03
5.49506620e-02
1.19081168e-02
-3.23113389e-02
-2.22270295e-01
5.77941947e-02
-1.60440758e-01
-9.76827666e-02
-4.08583507e-02
-5.56164160e-02
-1.37522854e-02
1.10814042e-01
-2.43181020e-01
-1.32986650e-01
-2.31680930e-01
-1.13087885e-01
3.60005915e-01
1.30544081e-01
-1.67003140e-01
-1.72711805e-01
7.24444538e-02
8.12284797e-02
4.00824964e-01
-6.42645732e-02
-4.78904955e-02
-2.52345741e-01
1.39812693e-01
-1.38303533e-01
9.37925652e-03
-3.55479382e-02
-2.60529816e-01
7.01446012e-02
1.26643136e-01
-9.12466347e-02
1.42123729e-01
-3.17467034e-01
-1.28325373e-01
1.54165730e-01
-1.93605602e-01
-4.03780013e-01
8.56477693e-02
-1.01841159e-01
1.78452265e-02
-4.13003042e-02
1.80984661e-02
-5.47877960e-02
4.16928381e-02
-4.74585369e-02
-1.47319481e-01
1.00990862e-01
8.18076208e-02
-1.05957396e-01
-4.81680222e-02
5.58360666e-02
-6.12058025e-03
3.49556282e-02
3.84024456e-02
-2.31427401e-02
-6.67309538e-02
1.02603855e-02
2.33711988e-01
1.17254205e-01
1.29901255e-02
1.80122048e-01
3.72147411e-02
-5.03101312e-02
3.79411653e-02
2.04203762e-02
3.24785262e-02
8.40604827e-02
-1.25141993e-01
1.18518442e-01
1.01302654e-01
2.12327778e-01
8.85569975e-02
-8.78259316e-02
-1.73818273e-03
-6.90054195e-03
-3.80385481e-02
1.86762795e-01
-2.91160215e-02
7.65718818e-02
-1.70880407e-01
-8.24572425e-03
-4.98559698e-02
-3.74103338e-02
2.26332515e-01
-2.65813246e-02
-1.15388930e-01
5.52192284e-03
4.34758980e-03
-1.05173051e-01
2.13284403e-01
-1.42370179e-01
1.57503542e-02
7.40076154e-02
9.63534936e-02
2.15542808e-01
-3.25235128e-02
-8.23179632e-02
2.32923552e-01
-2.88155824e-02
1.33227501e-02
-8.01685825e-02
5.83683029e-02
1.46574691e-01
-1.20891728e-01
-5.05790580e-03
-1.14661828e-01
-1.05215125e-01
4.09678603e-03
1.14156075e-01
1.99904040e-01
-2.85617691e-02
-2.00584456e-02
-8.37280527e-02
4.14103493e-02
5.39679527e-02
-9.45446789e-02
-1.15053039e-02
-1.53210923e-01
6.65691048e-02
-6.79725930e-02
7.28447884e-02
-2.89984941e-01
6.92138746e-02
1.33463010e-01
1.48288339e-01
-9.73964296e-03
-1.25699431e-01
7.01965168e-02
3.43291052e-02
-1.54816523e-01
-6.60036178e-03
-1.20666280e-01
-6.55376986e-02
2.05450263e-02
-4.18367982e-01
-9.79935005e-02
-4.85019851e-03
1.57695681e-01
-1.99625537e-01
4.66323763e-01
-2.21348524e-01
-1.44650027e-01
-8.47578496e-02
2.94720381e-01
1.57009393e-01
-2.27820367e-01
-5.11132181e-02
-2.87539899e-01
-2.74337977e-01
-1.57444641e-01
4.07093205e-02
-1.78112969e-01
5.59467301e-02
9.87160802e-02
2.40480825e-01
2.91108694e-02
-6.13050209e-03
-3.10193263e-02
7.52504766e-02
-1.50403176e-02
2.20563889e-01
2.83697937e-02
1.04384094e-01
-1.98302791e-01
4.85185295e-01
1.68629326e-02
1.40955850e-01
-7.37086609e-02
1.37807690e-02
-1.80946544e-01
-1.01384394e-01
-5.04979372e-01
-1.71308130e-01
4.90766346e-01
-1.81807071e-01
-3.94507088e-02
-7.29101002e-02
-3.95260692e-01
1.84561759e-01
3.65659893e-01
4.38713372e-01
1.06898881e-01
5.77599630e-02
2.52754986e-01
7.52953738e-02
1.26993373e-01
1.05363280e-01
-1.47228628e-01
-1.50375843e-01
7.93330967e-02
5.57070263e-02
1.01035871e-01
-2.51066983e-01
4.92737949e-01
5.71222454e-02
-2.15057299e-01
-1.30308568e-01
-1.02421204e-02
-1.82792976e-01
7.27007836e-02
9.35080647e-02
-1.94844063e-02
6.89428672e-02
2.37285122e-01
-4.45924923e-02
7.26383254e-02
-3.77283171e-02
7.28660077e-02
7.11491622e-04
-8.26638285e-03
5.39964736e-02
1.58858940e-01
-3.06486934e-01
-2.31860593e-01
-3.96755431e-03
-9.77547020e-02
-1.24770358e-01
1.91080600e-01
1.42835267e-02
-5.40866004e-03
-8.18332881e-02
-2.52777860e-02
3.35016660e-02
5.65590188e-02
-4.81834635e-02
-8.30276459e-02
1.58247091e-02
1.09127462e-01
-3.36846076e-02
-1.34364486e-01
-3.37202758e-01
2.17636079e-01
-3.10507901e-02
-5.99849001e-02
2.47914806e-01
4.57394607e-02
-2.14216277e-01
-1.13698117e-01
1.23214135e-02
3.13614726e-01
3.47894579e-01
3.64355236e-01
-1.60068974e-01
1.42531991e-02
-6.76733494e-01
1.26595020e-01
1.75687466e-02
2.84406841e-02
-2.57402450e-01
2.11236924e-01
-2.48613387e-01
-3.08905721e-01
-4.51142304e-02
1.17026299e-01
3.18499565e-01
-1.42743304e-01
1.04046375e-01
-5.34780741e-01
4.75342795e-02
-1.80859670e-01
-1.24519914e-01
1.33669404e-02
-1.30804479e-02
-1.33848414e-01
2.53774196e-01
-1.25326216e-01
-9.14058536e-02
-5.16375266e-02
6.32436620e-03
1.35476783e-01
5.08926176e-02
-6.91154599e-02
9.84448716e-02
1.89044178e-01
-1.12379424e-01
-5.60528710e-02
-3.15240055e-01
6.81294724e-02
6.51274854e-03
3.00335325e-02
-1.52858108e-01
-1.19358718e-01
-5.96955493e-02
-2.80241460e-01
6.68397695e-02
3.86119448e-02
-1.25646859e-01
3.34840491e-02
6.80779144e-02
-3.07588428e-01
4.85415198e-02
7.88829103e-02
-1.62267774e-01
3.42211947e-02
-2.14325801e-01
9.21432301e-02
6.20736964e-02
9.97117460e-02
9.45866704e-02
1.88688114e-01
5.53374104e-02
6.05983473e-02
-9.74565279e-03
9.94273350e-02
-7.80504942e-02
6.26660837e-03
1.45605197e-02
1.06383435e-01
3.71578299e-02
-9.50475559e-02
2.10160360e-01
1.17390409e-01
-2.06658375e-02
6.62818104e-02
-1.06938481e-01
-1.85403749e-01
-6.56185765e-03
-6.51093200e-03
-8.17695353e-03
-3.08146868e-02
-1.02026656e-01
2.43295599e-02
1.08358981e-02
-3.31870234e-03
-2.70233955e-03
-4.81763855e-03
-1.18266053e-01
-4.38126922e-02
2.76065946e-01
-6.18216544e-02
-1.06143355e-01
2.99676899e-02
3.26721445e-02
1.48797810e-01
4.38615046e-02
-8.63606632e-02
7.45207220e-02
2.98429906e-01
9.81861874e-02
7.89986327e-02
1.91362068e-01
-2.97381520e-01
-1.15654610e-01
2.13975981e-01
1.01456167e-02
1.24422088e-01
-8.88231471e-02
-5.84715717e-02
-3.29697788e-01
7.04067051e-02
-3.53698321e-02
-1.61115751e-02
-1.34868294e-01
9.69775990e-02
1.21520184e-01
-2.76197374e-01
-3.61500084e-01
1.99431613e-01
-7.76144415e-02
-1.24764152e-01
1.77447602e-01
-6.50423244e-02
-6.45556524e-02
1.33081302e-02
-1.04831792e-01
4.99536432e-02
-5.15735708e-02
-3.69253656e-04
6.31994009e-03
-1.20587744e-01
-2.73636840e-02
-7.52079487e-02
-6.82530180e-02
-2.63539135e-01
-4.08147760e-02
8.80768448e-02
-1.52890366e-02
3.38830403e-03
7.98775330e-02
-5.91153242e-02
-1.25044167e-01
-4.54457290e-02
-4.25945744e-02
4.68741730e-02
5.87818660e-02
-1.01997443e-01
-3.34423333e-02
-2.67968476e-02
5.55814616e-02
-1.53934192e-02
-7.58564770e-02
2.80290455e-01
4.21192437e-01
-1.46727458e-01
-1.12797646e-03
-6.34879768e-01
-1.32884070e-01
3.29189271e-01
-5.89346960e-02
-1.12931930e-01
-1.05059549e-01
7.07389340e-02
7.55797029e-02
-4.15981323e-01
2.14084759e-01
-5.22181280e-02
2.75340825e-01
-2.24745777e-02
2.00352147e-01
-1.36617914e-01
-4.19985384e-01
-8.10788274e-02
4.86052483e-02
1.37910143e-01
-5.81234805e-02
-6.82045612e-03
-1.47608459e-01
4.92048636e-02
-7.99862370e-02
-4.66208339e-01
2.86907051e-02
-3.10465455e-01
-1.85568724e-02
-9.75696072e-02
9.82379392e-02
-8.41316357e-02
-9.94284824e-02
3.05082947e-02
-1.82487905e-01
1.56502724e-02
9.21229795e-02
2.57357061e-02
-8.44313577e-02
1.03174120e-01
3.16850096e-02
7.49464482e-02
-1.85810644e-02
-7.64548108e-02
-1.63639471e-01
2.40052156e-02
-8.55942965e-02
6.58633709e-02
5.81597760e-02
-7.06192404e-02
2.01161299e-02
3.75142507e-02
1.87912509e-02
2.49000136e-02
-7.23333284e-02
-1.66904911e-01
1.02463476e-01
-1.14342488e-01
-6.00038208e-02
8.02052021e-02
-1.61295176e-01
-5.47879413e-02
6.25709742e-02
-7.65018985e-02
-2.89214887e-02
1.08305821e-02
-2.26820409e-02
1.40017405e-01
5.45013919e-02
6.26078844e-02
-1.04309849e-01
5.58104366e-02
7.03284964e-02
2.03447983e-01
-1.37913615e-01
-6.66663796e-02
-1.37551188e-01
-1.84808150e-02
-1.28400743e-01
1.10254303e-01
6.12058006e-02
-4.88952026e-02
-9.55371838e-03
2.57575400e-02
-7.50887915e-02
6.69460893e-02
-6.20070919e-02
-1.40574485e-01
5.72844893e-02
-5.14120348e-02
-1.58056632e-01
7.22703189e-02
7.72359446e-02
-6.40931875e-02
1.86418980e-01
-6.79219738e-02
-1.67947903e-01
-9.35063511e-02
-8.35139677e-02
1.85797766e-01
5.47154099e-02
-5.30206300e-02
-1.93754107e-01
7.82959834e-02
1.87150538e-02
2.52260238e-01
-2.06406116e-01
5.15499003e-02
-1.47108480e-01
-2.80856956e-02
-4.61472422e-02
1.11678682e-01
-1.81691781e-01
-2.14561731e-01
9.80707556e-02
1.03010744e-01
-4.56840731e-02
1.23942375e-01
-7.67258927e-02
-1.76948667e-01
-6.47549843e-03
2.04525813e-02
2.09283140e-02
1.27393112e-01
-6.32678717e-02
-1.38307616e-01
1.63064420e-01
-2.86005616e-01
-6.76122382e-02
-1.80502534e-01
-1.60652280e-01
3.09312820e-01
8.77571926e-02
-7.93477595e-02
-1.65148824e-01
1.54748082e-01
1.00294530e-01
4.19842333e-01
-1.19886220e-01
8.40599686e-02
-2.29369417e-01
1.68064609e-01
-1.78371355e-01
-4.18679975e-03
-1.58172175e-02
-4.13248003e-01
-1.09266423e-01
4.30458710e-02
-1.13937818e-02
1.29877791e-01
-2.62465984e-01
-4.47318479e-02
1.57610878e-01
-2.10187256e-01
-5.70939958e-01
8.22357461e-02
1.63760200e-01
6.13396009e-03
1.83158025e-01
-7.07745105e-02
-1.47272065e-01
2.71370653e-02
-3.29667985e-01
3.33228201e-01
1.31122649e-01
-1.76751226e-01
-3.00569206e-01
-5.87699413e-02
1.75039768e-01
1.56214669e-01
1.37057289e-01
-3.21891755e-01
-2.33373582e-01
2.02697948e-01
-4.27863523e-02
2.03130633e-01
-2.89969556e-02
-1.95540771e-01
3.17535818e-01
1.17631644e-01
-8.29595402e-02
8.94854441e-02
-5.80294579e-02
1.72767073e-01
1.01824947e-01
1.59562245e-01
-1.99165776e-01
1.10811763e-01
-2.70912447e-03
6.92488402e-02
1.21626802e-01
-2.68026125e-02
-3.01376600e-02
1.77898884e-01
-1.92134231e-01
1.50825039e-01
6.78592175e-02
8.31588581e-02
-7.16636330e-02
1.73628628e-02
1.38911292e-01
-1.72086842e-02
-2.71956101e-02
-3.82310245e-03
-1.06305398e-01
2.61592064e-02
-8.57620537e-02
7.67200589e-02
3.93579081e-02
-1.17186196e-01
-2.64494843e-03
4.56409864e-02
-1.43250093e-01
7.95662254e-02
-6.63773641e-02
3.16450745e-02
1.29333600e-01
-2.68367082e-02
-8.69363174e-02
1.89864188e-01
-3.39978226e-02
2.07155738e-02
-3.13862935e-02
-9.96053591e-03
-6.32806048e-02
1.44687435e-02
-6.30753562e-02
1.43216655e-01
9.22137722e-02
9.65151787e-02
-5.64893521e-02
1.34957165e-01
8.15277845e-02
2.51815319e-01
2.15909705e-02
9.89547465e-03
-1.69860810e-01
2.62288004e-02
-1.48655176e-01
3.70862633e-02
1.16762966e-02
-1.09749660e-01
7.76597783e-02
3.78736071e-02
-1.47386000e-01
4.34724987e-02
-1.05522498e-01
-6.90595061e-02
1.36271611e-01
-1.14528298e-01
-4.96192165e-02
1.56508997e-01
