0
1.54741943
0.0184043944
1.10759735
2.01222777
0
0
1.50263286
0
0
0
0
1.92108011
0
0
2.1838038
0.430119216
2.94492388
0
0
1.11558151
0
0
1.57861114
0
0
0
0
0.745558023
0
0
2.15074062
0
0
0.999874711
1.57773185
1.34306622
0
0
0
0.550545514
0
0
0
1.68063402
0
0
0.742690921
0
0.855917037
0
0
0
0
0.271242619
1.35386848
0
0
0
0
0
0
0
0
0
0
0.836906314
1.42178273
1.60984516
0
0
0
0
0
0
0
1.95695138
0
0
1.29119337
0
1.07738042
0
0
0
0
0.0532723665
0.578561008
0
0
0
0
0
0
0
0
0
0
1.08922553
1.62253976
1.74242687
0
0
0
0
0
0
0
2.92420411
0
0
2.03821254
0
1.5848074
0
0
0
0
0
0
0
0
0
0
0
0
0
0
0
0
0.32108286
1.30221105
1.50434613
0
0
0
0
0
0
0
3.47398615
0
0
1.73145425
0
1.34217715
0
0
0
0
0
0
0
0
0
0
0
0
0
0
0
0
0.417223603
1.52265334
1.47925556
0
0
0
0
0
0
0
4.00633907
0
0
1.65163577
0
0.731750071
0
0
0
0
0
0
0
0
0
0
0
0
0
0
0
0
0.428095788
1.711766
2.1073606
0
0
0
0
0
0
0
4.93702745
0
0
2.12642193
0
1.25453091
0
0
0
0
0.120646477
0
0
0
0
0
0
0
0
0
0
0
0
0.929251492
2.01084805
0
0
0
1.7449671
0
2.79633188
0
2.17494726
0
0.524781287
0
0
0
0
0
3.01545405
0
0
0
0
0
0
0
0
0
0
0
