0.00000000e+00
3.30707133e-01
2.36239672e-01
5.00226200e-01
1.56026280e+00
0.00000000e+00
0.00000000e+00
2.07950044e+00
0.00000000e+00
0.00000000e+00
0.00000000e+00
0.00000000e+00
4.16568995e+00
0.00000000e+00
6.52645469e-01
6.19629002e+00
1.72019887e+00
5.45656729e+00
0.00000000e+00
0.00000000e+00
1.84840649e-01
0.00000000e+00
0.00000000e+00
0.00000000e+00
0.00000000e+00
0.00000000e+00
0.00000000e+00
0.00000000e+00
2.76220727e+00
0.00000000e+00
0.00000000e+00
2.83108449e+00
0.00000000e+00
0.00000000e+00
3.62068266e-01
6.11597478e-01
2.11423850e+00
0.00000000e+00
0.00000000e+00
0.00000000e+00
0.00000000e+00
0.00000000e+00
0.00000000e+00
0.00000000e+00
4.72708893e+00
0.00000000e+00
1.23494971e+00
3.52918148e+00
0.00000000e+00
2.48626542e+00
0.00000000e+00
0.00000000e+00
0.00000000e+00
0.00000000e+00
0.00000000e+00
0.00000000e+00
0.00000000e+00
0.00000000e+00
0.00000000e+00
0.00000000e+00
0.00000000e+00
0.00000000e+00
0.00000000e+00
0.00000000e+00
0.00000000e+00
0.00000000e+00
0.00000000e+00
2.12227750e+00
2.43772650e+00
0.00000000e+00
0.00000000e+00
0.00000000e+00
0.00000000e+00
0.00000000e+00
0.00000000e+00
0.00000000e+00
6.07438326e+00
0.00000000e+00
0.00000000e+00
2.72633266e+00
0.00000000e+00
2.86080933e+00
0.00000000e+00
0.00000000e+00
0.00000000e+00
0.00000000e+00
3.26252580e-02
0.00000000e+00
0.00000000e+00
0.00000000e+00
0.00000000e+00
0.00000000e+00
0.00000000e+00
0.00000000e+00
0.00000000e+00
0.00000000e+00
0.00000000e+00
0.00000000e+00
0.00000000e+00
1.35043192e+00
1.43976867e+00
0.00000000e+00
0.00000000e+00
0.00000000e+00
0.00000000e+00
0.00000000e+00
0.00000000e+00
0.00000000e+00
6.65490866e+00
0.00000000e+00
7.33910501e-03
2.36447430e+00
0.00000000e+00
1.40240526e+00
0.00000000e+00
0.00000000e+00
0.00000000e+00
0.00000000e+00
0.00000000e+00
0.00000000e+00
0.00000000e+00
0.00000000e+00
0.00000000e+00
0.00000000e+00
0.00000000e+00
0.00000000e+00
0.00000000e+00
0.00000000e+00
0.00000000e+00
0.00000000e+00
0.00000000e+00
1.55572391e+00
8.38752389e-01
0.00000000e+00
0.00000000e+00
0.00000000e+00
0.00000000e+00
0.00000000e+00
0.00000000e+00
0.00000000e+00
7.47009563e+00
0.00000000e+00
2.03929543e+00
2.72439790e+00
0.00000000e+00
1.21924138e+00
0.00000000e+00
0.00000000e+00
0.00000000e+00
0.00000000e+00
0.00000000e+00
0.00000000e+00
0.00000000e+00
0.00000000e+00
0.00000000e+00
0.00000000e+00
0.00000000e+00
0.00000000e+00
0.00000000e+00
0.00000000e+00
0.00000000e+00
0.00000000e+00
4.10992116e-01
1.83484101e+00
1.96637332e+00
0.00000000e+00
0.00000000e+00
0.00000000e+00
0.00000000e+00
0.00000000e+00
0.00000000e+00
0.00000000e+00
1.00090532e+01
0.00000000e+00
2.02151155e+00
5.52740049e+00
0.00000000e+00
3.91844296e+00
0.00000000e+00
0.00000000e+00
0.00000000e+00
0.00000000e+00
0.00000000e+00
0.00000000e+00
0.00000000e+00
0.00000000e+00
3.98281127e-01
0.00000000e+00
0.00000000e+00
0.00000000e+00
0.00000000e+00
0.00000000e+00
0.00000000e+00
0.00000000e+00
0.00000000e+00
0.00000000e+00
0.00000000e+00
0.00000000e+00
0.00000000e+00
0.00000000e+00
0.00000000e+00
0.00000000e+00
0.00000000e+00
0.00000000e+00
9.07757854e+00
0.00000000e+00
2.95402646e+00
3.33005357e+00
0.00000000e+00
2.11897469e+00
0.00000000e+00
0.00000000e+00
0.00000000e+00
0.00000000e+00
0.00000000e+00
0.00000000e+00
0.00000000e+00
0.00000000e+00
1.49994516e+00
0.00000000e+00
0.00000000e+00
0.00000000e+00
0.00000000e+00
0.00000000e+00
0.00000000e+00
0.00000000e+00
0.00000000e+00
0.00000000e+00
5.91750145e-01
0.00000000e+00
0.00000000e+00
0.00000000e+00
7.97082090e+00
0.00000000e+00
7.64246798e+00
0.00000000e+00
1.38792682e+00
0.00000000e+00
2.23261094e+00
0.00000000e+00
0.00000000e+00
0.00000000e+00
0.00000000e+00
0.00000000e+00
3.23024368e+00
0.00000000e+00
1.66878939e-01
0.00000000e+00
0.00000000e+00
0.00000000e+00
3.13258123e+00
0.00000000e+00
0.00000000e+00
0.00000000e+00
0.00000000e+00
5.71129560e-01
