1.90642214
0.128169954
1.37746835
0.39023447
2.78330255
0
0
1.33670092
0
0
1.35133207
1.21062219
0.265088677
4.97363615
0.337989628
2.0134871
0
0.119916856
0
2.76132035
5.2521739
2.69035769
0
0.650917709
0
2.20723581
0
0
0
0.0125016868
0
0
3.35846496
0
1.80911672
3.34167027
0
0
0
0
0
0
0
2.40452981
0.293596327
2.78902364
2.73702383
0
0
0
0
3.86966276
2.07463336
0
0.168635666
2.59626675
1.06512856
3.67614913
0
1.7730267
0.531148911
0
0
2.54333663
1.84530878
0
0.676759362
0
0.765382767
0
0
0
0.135547966
0.301837683
0
1.7651794
0.319051981
0.905978262
3.60440254
0.0825244784
0
0
0
0.902038932
0.37317279
1.01509655
0
1.3157717
0.760551155
0.63542068
0
1.36857903
1.37006712
0
0
1.97364473
0.408433557
0.174658716
0
0
1.6774956
0
0
0
0
0
0
0
0
0
1.27683985
0.168995425
0
0.727797806
0
0
0.783973575
1.72227931
0.0698820949
0.0525049567
0
1.04634786
0.00665701926
0
1.09025681
0.320141971
0
0.776213646
0
0.0955450311
0
0
0
1.55484891
0
0.326676458
1.61273706
1.8225919
3.25873923
0
0
0
1.61396527
0
0
0
0
0
0.332726628
1.48699975
0
0.0111368895
0
1.63973105
0
0
0
0
0
1.61512578
2.93624187
0
0.908667207
0.455218077
0
0
0
0
0.486021459
0.818590164
0.660600066
2.87400699
0.478837609
1.70773709
0.328112662
1.33790159
0
0
0
2.39540195
0
1.05607271
0.241868079
1.78671765
0.555505276
3.47172809
0
0
0.735934019
1.09938228
0
0.904073238
0.440569699
0.281038225
0
0
0
0
0
1.47036231
0
0
1.27899218
0.10080111
0
0.344726682
2.82319474
0
0.0744597316
0
0
0
2.51612926
0.163024351
0
0
0
1.74358952
0
2.32558203
2.11859727
0
0
2.40427327
3.05690837
0.141103625
1.38980997
0
0.251015902
0
0
0
0
0
0
2.7000711
0.170648962
0.877192736
0.806303263
1.15935218
0.173019111
1.02239084
0
2.64443302
4.7466588
0.991392434
0.346137166
1.6694088
1.31403708
1.10908079
0.166948617
0.737343311
3.49178863
0.315995157
0.121343255
0
