1.09350517e-01
-1.57436654e-01
-3.56377102e-02
-6.95138276e-02
-1.57553360e-01
-5.64530641e-02
-9.35036805e-04
-6.74713850e-02
4.89828400e-02
1.94314420e-01
8.64133686e-02
-4.10785526e-03
-3.46755460e-02
8.74469727e-02
9.06464234e-02
2.58892655e-01
4.46447209e-02
-2.11318657e-01
-1.52761778e-02
-4.92500812e-02
2.36218303e-01
-2.60946423e-01
-1.58236176e-01
3.20615143e-01
-1.13445997e-01
-1.51128992e-01
-3.92293297e-02
2.24331811e-01
2.78912839e-02
-2.75947094e-01
-4.72167432e-02
-2.05657557e-02
-3.53675336e-01
-2.61525899e-01
2.14591667e-01
1.76482558e-01
-6.46775514e-02
1.99580774e-01
-6.51265075e-03
-3.34250368e-02
2.89100796e-01
2.91565508e-01
3.05336803e-01
-1.20718554e-01
6.49675250e-01
6.58457279e-02
-5.72140561e-03
-8.40224996e-02
3.00826803e-02
1.59273729e-01
-8.42674263e-03
-4.19588163e-02
4.31460105e-02
1.59928545e-01
1.12917274e-01
-4.13375825e-01
-3.11343551e-01
2.19667301e-01
-3.04840267e-01
1.31625146e-01
3.78566422e-02
-9.69859287e-02
-9.68368724e-02
1.83191940e-01
-1.23763546e-01
-4.53723893e-02
-1.86828732e-01
-2.93785304e-01
-5.24364524e-02
8.01778585e-02
-9.03715962e-04
7.11255223e-02
3.01544756e-01
9.64326635e-02
-3.11771352e-02
-4.39119712e-02
3.69441986e-01
-1.44939557e-01
1.25385746e-01
4.93254326e-02
3.23445536e-02
-1.61331236e-01
2.42440728e-05
-3.23487759e-01
-1.14629187e-01
1.79211646e-01
-8.14173520e-02
-4.10030931e-01
2.49796689e-01
-8.28317925e-02
1.61134183e-01
-3.17797028e-02
-3.40250358e-02
3.19601327e-01
4.94389199e-02
1.66197136e-01
-1.54851656e-02
1.35782480e-01
-1.05920592e-02
-6.61645457e-02
-1.01698659e-01
-4.97262031e-02
-1.95648638e-03
4.51412797e-02
1.37687370e-01
-1.05211370e-01
7.62271695e-03
3.25720757e-02
-5.24267703e-02
1.00939982e-02
1.66298151e-01
7.14980438e-02
2.91400738e-02
-2.69855908e-03
2.16399995e-03
3.06121316e-02
-6.06008507e-02
-3.33527438e-02
1.41812433e-02
-6.16418496e-02
-6.91386731e-03
-8.44520405e-02
1.34942025e-01
5.76031320e-02
8.49996433e-02
2.95310598e-02
1.94004513e-02
1.80011168e-02
2.11141288e-01
2.08550841e-02
7.57194534e-02
5.55450432e-02
-1.04999423e-01
-8.06718841e-02
-2.45829509e-03
-8.07805061e-02
-3.05347200e-02
1.78475693e-01
6.14231043e-02
8.53333771e-02
8.17599595e-02
-3.76474336e-02
1.08316638e-01
2.25978628e-01
-1.25246495e-02
-3.26299760e-03
5.35035855e-04
-6.61238506e-02
4.14413549e-02
-3.93625647e-02
-2.81188433e-04
3.89219448e-02
1.17165493e-02
1.34012461e-01
-1.86269414e-02
1.03771880e-01
-4.25142720e-02
1.16640605e-01
7.07697272e-02
-5.44223236e-03
1.29105344e-01
-2.00376660e-01
-7.24196956e-02
-1.02410251e-02
-2.26245448e-01
1.37699664e-01
-2.11650808e-03
-1.73489258e-01
-1.02852248e-01
1.10856004e-01
-5.36721647e-02
-4.99697179e-02
3.81884053e-02
1.47467786e-02
6.39030516e-01
1.21407643e-01
1.36103049e-01
-1.06268249e-01
-1.19490072e-03
-1.38081297e-01
-3.14787984e-01
9.19084102e-02
-5.49510978e-02
-2.62618624e-02
5.13825156e-02
1.32036224e-01
2.39022553e-01
-1.58303082e-01
5.69866411e-02
1.04805782e-01
5.82936481e-02
-9.22682658e-02
-2.00620830e-01
1.72897458e-01
-6.35954216e-02
-6.46942109e-02
-1.96371600e-02
3.48715305e-01
4.43916651e-04
3.06839764e-04
-8.40957165e-02
-6.37636036e-02
2.19131276e-01
1.37710363e-01
4.76212472e-01
6.37243837e-02
-1.69119015e-01
1.72173023e-01
-3.44148874e-02
1.55806495e-02
1.28245015e-09
2.03448579e-01
1.86192796e-01
-1.97153032e-01
1.24623850e-02
-3.97085259e-03
-1.32413954e-01
-6.36364054e-03
5.29405102e-02
1.07404739e-02
2.54696935e-01
2.73144990e-02
2.47462332e-01
4.35176939e-01
8.41128081e-02
-8.54628459e-02
2.39895865e-01
8.21791291e-02
1.87645167e-01
-6.33979738e-02
9.58030170e-04
-1.72596157e-01
2.49273926e-01
-2.83235669e-01
-1.53551608e-01
1.19236574e-01
4.57968935e-02
-3.79289920e-03
-1.33665279e-01
-2.97178756e-02
-8.55349377e-02
1.46405056e-01
-1.82083379e-02
-1.28969699e-01
1.58308402e-01
-2.91776676e-02
1.33652046e-01
3.72276038e-01
6.78634867e-02
-1.25504583e-01
-1.43458381e-01
5.69766872e-02
-1.07827432e-01
-5.17041497e-02
5.46273962e-02
1.64468586e-01
-7.25403503e-02
7.95375556e-02
-6.91671073e-02
4.56924886e-02
-1.42699704e-01
-5.23188412e-02
3.73243820e-05
1.46013685e-03
-3.03167496e-02
-5.15639484e-02
-2.51583576e-01
-4.28428128e-02
-2.78639197e-01
-2.65948139e-02
1.48919135e-01
-1.74375623e-01
-6.18417524e-02
-7.55254477e-02
-6.07482009e-10
-9.16885585e-02
-6.28172457e-02
8.34833309e-02
4.67793457e-03
-1.37676239e-01
6.00687861e-02
-5.07712215e-02
1.50163360e-02
6.18094243e-02
-3.91780492e-03
1.85938075e-01
-6.81147799e-02
1.28519967e-01
1.59638330e-01
-5.47887310e-02
1.43921264e-02
1.13439336e-01
-6.83103278e-02
3.23736548e-01
-1.34021911e-05
1.20846033e-01
1.85293883e-01
-1.98444370e-02
3.79856706e-01
1.32280411e-02
1.77207619e-01
-2.00631693e-02
1.00423805e-01
-2.84070540e-02
1.33181006e-01
-1.47154391e-01
1.06719937e-02
-1.18978107e-02
4.60661054e-02
-2.16137722e-01
1.06778041e-01
2.40393668e-01
9.24689695e-02
3.48095247e-03
2.49672219e-01
-7.32940286e-02
-2.72059441e-01
-1.89588785e-01
-3.08112837e-02
4.13268469e-02
1.04842298e-01
4.59647663e-02
-8.26385766e-02
-3.03302079e-01
5.62898144e-02
2.27362514e-02
-4.74846922e-03
2.77271885e-02
-2.74031073e-01
-1.37202099e-01
-9.27470773e-02
-5.85897127e-03
-2.42572621e-01
2.01733559e-02
2.42112517e-01
-2.39559682e-03
1.52214110e-01
-1.09897062e-01
2.23794788e-10
-5.09033576e-02
-1.49817094e-01
2.87862327e-02
-9.06011835e-02
-1.40132662e-02
1.63517613e-02
-1.17152616e-01
1.45283639e-01
6.05482571e-02
2.18853742e-01
1.30184233e-01
7.23984092e-02
-5.28719164e-02
1.73162043e-01
3.12418900e-02
6.31045252e-02
1.27909735e-01
1.75915703e-01
9.87113360e-03
-3.57127174e-05
2.80117355e-02
1.50602773e-01
-1.03721060e-01
-2.30732143e-01
3.03170364e-02
4.05024961e-02
6.08373806e-02
-1.58829674e-01
2.11433843e-01
-1.99857160e-01
7.41948485e-02
-1.37291418e-05
-4.84030461e-03
6.54264679e-03
6.84481710e-02
6.86920360e-02
1.67388365e-01
8.13065469e-02
-1.21110365e-01
1.22380760e-02
3.39578046e-03
9.31859985e-02
2.69388817e-02
9.00615826e-02
-1.27823666e-01
-1.67757943e-01
-9.59281176e-02
-8.16069096e-02
-1.27969056e-01
-1.70203764e-02
9.14727896e-02
1.11950831e-04
1.99821983e-02
3.17267209e-01
2.95465086e-02
-4.93713841e-02
-8.38147923e-02
9.66718327e-03
-2.42844112e-02
-5.02273738e-02
-1.30569234e-01
-4.34931256e-02
4.62107994e-02
-1.74954440e-02
-1.91328913e-01
-7.33853132e-02
4.02721353e-02
3.80392559e-02
-2.86873013e-01
-8.06669220e-02
3.16827297e-02
1.27656519e-01
-2.85928510e-02
1.58289120e-01
7.83260092e-02
6.08775690e-02
-5.17553054e-02
1.55608112e-03
3.36462744e-02
-8.91952813e-02
-6.43700808e-02
4.96464036e-02
-7.92575032e-02
-4.03201114e-03
-1.71273649e-02
2.17760220e-01
-1.20871589e-01
2.38947831e-02
9.49103609e-02
-4.05613691e-01
8.97429511e-03
7.80255795e-02
-2.20391661e-01
5.44963442e-02
8.59275367e-03
2.48619542e-02
5.82674555e-02
-4.23906922e-01
-3.50335911e-02
1.52135372e-01
1.97379261e-01
7.85148144e-02
1.93977356e-01
1.08450674e-01
1.38395503e-01
-3.39182541e-02
1.12099737e-01
-1.30464271e-01
-7.88843483e-02
1.05731405e-01
1.25342712e-01
-1.97601974e-01
-2.80509919e-01
-1.84483871e-01
1.16316587e-01
-5.74876030e-05
5.81885986e-02
2.85981715e-01
3.88709873e-01
2.96241701e-01
2.43323088e-01
4.68295217e-01
-3.69726704e-03
-1.19274177e-01
3.15405652e-02
-1.59393195e-02
-1.44463601e-02
-5.04329742e-04
-1.39940336e-01
-1.24851167e-02
1.10140331e-01
-2.26753622e-01
-2.90394612e-02
5.40837571e-02
1.74403097e-02
-2.18259513e-01
1.32743508e-01
2.26035193e-01
1.62703812e-01
5.31123132e-02
6.99281618e-02
-2.36402646e-01
-2.20374733e-01
2.18499601e-01
4.16420430e-01
4.52975959e-01
-9.33505297e-02
9.47046559e-04
-9.37657207e-02
3.25128853e-01
1.36178453e-02
-4.13256884e-02
-2.38978431e-01
8.64586830e-01
-2.33339980e-01
1.44522758e-02
2.71180540e-01
4.83141206e-02
1.83924779e-01
-1.21795643e-10
-3.50503884e-02
-8.37978944e-02
-1.30616510e-02
7.45343938e-02
-7.15130866e-02
1.31594598e-01
1.28127486e-01
-5.52074760e-02
3.09466850e-02
-1.42734930e-01
6.56654835e-02
-1.14898480e-01
-3.18684965e-01
4.31096032e-02
-2.32956544e-01
3.13146529e-03
-2.54107956e-02
7.71272182e-02
1.73023775e-01
-5.90405567e-03
-6.89145699e-02
1.47911698e-01
-8.67142379e-02
1.90922588e-01
3.05387676e-02
-3.71644765e-01
6.94632754e-02
-3.98371518e-01
5.47805894e-03
7.92202204e-02
-1.77507801e-03
5.72945580e-11
1.16734810e-01
-9.12457034e-02
8.47469550e-03
-1.74092539e-02
9.66897532e-02
1.84511617e-01
-3.41497594e-03
-1.93256423e-01
-2.08076648e-02
1.83186308e-01
1.58503547e-01
-8.02039728e-03
-1.22477345e-01
4.34825808e-01
1.90332811e-02
2.27176830e-01
3.63813967e-01
2.75703192e-01
9.35111940e-02
-3.47197056e-03
-9.89241228e-02
-7.97129646e-02
2.02562302e-01
2.50469327e-01
1.91616014e-01
-4.34424393e-02
1.36063308e-01
1.04753397e-01
9.22735408e-02
2.95715947e-02
3.70186538e-01
1.16648367e-02
1.90915063e-01
2.55018882e-02
4.81709875e-02
5.98566346e-02
4.92433459e-01
-4.61320169e-02
1.99571073e-01
8.73378739e-02
-4.34580475e-01
2.23345146e-01
3.12250167e-01
6.65547475e-02
-1.26166642e-01
-1.68306798e-01
1.65562347e-01
-1.33092582e-01
-2.17967600e-01
-1.54021949e-01
1.27579710e-02
-3.12169170e-04
-8.83295015e-02
8.38657320e-02
-3.47559825e-02
-2.89098978e-01
6.72366843e-02
-1.88507214e-01
-3.10996715e-02
4.42461297e-03
-1.14921324e-01
-1.03489324e-01
7.59599730e-02
1.26996165e-04
-1.16713881e-01
-1.79095879e-01
-5.06183095e-02
-6.16610758e-02
-1.60843521e-01
-7.26893917e-02
-8.84671882e-02
-7.69252703e-02
1.63280860e-01
9.02670845e-02
-4.78943363e-02
-1.73477251e-02
3.34883779e-02
2.19557926e-01
-1.07234128e-01
-1.16113625e-01
-7.45083094e-02
-4.59636338e-02
-1.75764501e-01
-1.21238444e-03
-1.67091116e-02
-1.44961014e-01
-9.97428223e-03
-4.51804698e-02
9.62270424e-02
-1.74900845e-01
1.08976528e-01
6.35034069e-02
-6.07852601e-02
4.25110795e-02
-6.91495463e-02
-2.63279010e-10
2.15330683e-02
-1.55175298e-01
-1.25417095e-02
-4.74123918e-02
-1.42787620e-02
7.79477283e-02
1.35983508e-02
-8.25559050e-02
7.61949345e-02
-2.25444213e-01
-1.07493892e-01
-1.61931857e-01
-2.28216857e-01
1.50982201e-01
-4.23434414e-02
8.03279597e-03
-1.11862130e-01
-1.33803010e-01
-1.40360333e-02
2.30151508e-03
3.56158465e-02
-7.63103068e-02
2.51050051e-02
6.54234439e-02
1.23507217e-01
-3.61756980e-02
-7.00250119e-02
1.32525280e-01
1.91398397e-01
-1.50265455e-01
-1.75859183e-01
2.40358505e-02
1.07685648e-01
-1.67458147e-01
-2.69918311e-02
-8.01935568e-02
5.83757758e-02
-1.96056068e-01
-1.26218334e-01
7.60443285e-02
1.56523362e-01
-3.06334067e-02
-6.63095266e-02
1.73008248e-01
1.10138595e-01
7.50899687e-02
2.31556460e-01
6.08418919e-02
2.64970720e-01
5.44867039e-01
8.99992958e-02
1.07259344e-04
-2.04695016e-01
2.27497816e-01
-2.90689655e-02
2.36602016e-02
-5.17398715e-02
5.50007641e-01
-2.17108503e-01
4.25188728e-02
1.40486062e-01
2.15046182e-02
2.49558032e-01
3.50099461e-09
-2.21152604e-01
-6.97429776e-02
-3.47393379e-02
7.08283260e-02
3.87836307e-01
-1.58544183e-02
-3.06413812e-03
-4.71179076e-02
-2.69509524e-01
9.76514146e-02
1.38892248e-01
6.93992078e-02
-1.17204979e-01
2.84814477e-01
6.80645928e-02
5.47433458e-03
1.51588619e-01
1.39712274e-01
3.82806987e-01
-6.80788001e-03
1.28784537e-01
3.44489254e-02
6.19375110e-02
2.61755586e-01
1.89098358e-01
3.43167000e-02
1.13324253e-02
1.63628906e-01
4.73516583e-01
3.51886265e-02
9.44996253e-02
-1.20489230e-09
-7.27499276e-02
1.13705888e-01
1.52226865e-01
-9.13185440e-03
1.46654084e-01
-7.23654553e-02
1.31774649e-01
4.20856744e-01
-1.94267314e-02
-1.29742980e-01
3.13157146e-03
1.82426646e-01
5.75165171e-03
-4.49340567e-02
-1.03581455e-02
4.71529029e-02
3.01695224e-02
4.41435985e-02
5.76946251e-02
-5.24684647e-03
4.89493832e-03
-3.44722979e-02
-4.36188132e-02
-8.54184628e-02
-6.68847188e-02
1.78664342e-01
-3.34647880e-03
1.89689577e-01
-1.55651972e-01
1.02903187e-01
-1.22588947e-02
3.40994447e-03
4.56362171e-03
-7.43685756e-03
1.09319896e-01
4.79799733e-02
-3.99804413e-02
4.31768969e-02
1.28539493e-02
-6.20604679e-02
7.71324784e-02
-7.52390251e-02
3.66125219e-02
-1.19562283e-01
9.16400403e-02
2.36208603e-01
-4.12946761e-01
8.49871859e-02
-1.06851561e-02
-2.07989648e-01
-1.36376053e-01
-8.78159981e-03
-1.73449114e-01
1.24690682e-02
1.63355112e-01
-1.23691047e-02
1.89352650e-02
1.79978654e-01
-1.30227789e-01
2.66955316e-01
2.29448631e-01
-2.54457351e-02
4.69609024e-03
1.65373663e-07
1.01837225e-01
-2.90179532e-02
2.93507218e-01
-7.94586837e-02
-2.57992327e-01
-8.50497782e-02
1.10894911e-01
2.93707728e-01
3.30782533e-01
1.91586986e-01
-2.80598640e-01
-1.57802664e-02
-1.64483935e-01
-8.74941871e-02
1.06000779e-02
-3.16381976e-02
-1.28477201e-01
-1.58481434e-01
-1.44456819e-01
-1.17887906e-03
-1.96641430e-01
6.07639924e-02
7.19835311e-02
-1.03349619e-01
3.03573776e-02
8.65974799e-02
2.07038186e-02
1.62703393e-04
-2.43616804e-01
5.00547327e-02
-1.01580426e-01
3.22858128e-03
-5.23864217e-02
3.63300592e-02
-3.78700197e-02
3.82653438e-02
-1.35101125e-01
-1.44315109e-01
1.10480115e-01
1.01856165e-01
1.23891838e-01
2.88151503e-01
1.15008593e-01
-1.17237717e-02
1.77695323e-03
-1.95863713e-02
1.33618027e-01
-1.18175084e-02
1.22076785e-02
-3.73487212e-02
6.15769215e-02
-7.28367537e-04
-4.35446505e-04
1.52714580e-01
-1.11225449e-01
-9.00954306e-02
8.04650709e-02
5.77164553e-02
9.98468176e-02
5.80306053e-02
1.32065071e-02
-4.50521149e-02
3.10909506e-02
1.11933760e-02
-6.69987174e-03
-1.53067201e-01
-7.76155367e-02
7.27695003e-02
-9.97721329e-02
6.44971207e-02
6.39092028e-02
1.62534848e-01
1.58721805e-01
4.68991138e-02
4.64077853e-02
2.40574572e-02
-2.92952228e-02
3.90565366e-01
1.42701343e-01
1.13542229e-01
8.18488654e-03
1.82144061e-01
3.11553925e-02
1.55456178e-06
-5.47384322e-02
9.50023159e-02
2.37751171e-01
1.16112702e-01
2.23498777e-01
1.41169667e-01
-3.63049284e-03
1.44735441e-01
1.11409478e-01
-2.34426861e-03
1.18191101e-01
2.75804102e-10
1.94166955e-02
5.60008213e-02
5.40559217e-02
-4.20857519e-02
3.22373807e-01
5.01275249e-02
1.60493374e-01
3.87360752e-02
-6.50280900e-03
8.40525050e-03
7.10930228e-02
3.77590433e-02
1.59242555e-01
-1.13193683e-01
-5.13822027e-02
-8.29519033e-02
-1.66673362e-01
-2.02098489e-02
-4.68874164e-02
1.52876051e-02
4.35749860e-03
1.33926943e-01
-3.05219293e-02
-2.66094264e-02
3.09529044e-02
-1.17832739e-02
1.84237678e-02
-1.23670377e-01
-1.18806414e-01
-9.00444761e-02
6.14798516e-02
-1.39588388e-02
-3.41701359e-02
-7.31708184e-02
1.50597081e-01
-1.57803707e-02
-1.35835543e-01
-5.47650903e-02
-4.76871356e-02
7.95449466e-02
2.01187339e-02
1.74444318e-01
3.83559614e-02
7.06390962e-02
3.02134473e-02
-2.76058406e-01
2.16883585e-01
7.97804967e-02
2.15092495e-01
3.70576352e-01
1.00899130e-01
3.61566083e-04
-3.60391364e-02
-1.35022283e-01
1.69293553e-01
2.01000310e-02
9.76918638e-02
4.21113402e-01
-3.36886272e-02
3.94710481e-01
2.66064703e-01
-8.32686108e-03
4.36787128e-01
1.62978061e-02
7.64471591e-02
-1.88519239e-01
-1.98887177e-02
-8.15901235e-02
-1.08070619e-01
-1.70338064e-01
8.24896917e-02
-3.26669663e-01
-1.35177463e-01
-2.99429715e-01
-1.27278343e-01
-7.16710016e-02
-2.38797247e-01
-9.31339711e-02
-4.34426637e-03
-1.57695845e-01
-6.95737153e-02
-2.26015791e-01
-1.10913739e-01
-1.66085234e-03
5.07060364e-02
1.58614144e-01
-2.21100822e-01
-3.10466677e-01
-3.87463048e-02
-1.34193730e-02
-8.77248589e-03
6.04733713e-02
2.00807974e-01
8.26985165e-02
1.27496645e-01
2.64508333e-02
-2.72088230e-01
-9.92689282e-02
-9.42677781e-02
-5.91728687e-02
-2.72343606e-01
3.60758267e-02
-1.10548720e-01
1.93749815e-01
6.87324861e-03
8.87832269e-02
-2.30690166e-02
-1.72255989e-02
-7.63435438e-02
-2.45532170e-02
4.76883799e-02
5.36575690e-02
7.60431215e-02
-3.57180871e-02
9.28963274e-02
-8.90678202e-04
-7.14158416e-02
8.95827189e-02
6.57284483e-02
-3.81002218e-01
-5.61896898e-02
2.67958730e-01
-1.25808582e-01
1.49389179e-02
2.18241047e-02
-2.31847778e-01
-1.36181667e-01
-5.57376090e-10
-2.88982928e-01
-4.29041266e-01
8.20685625e-02
-1.08854752e-02
1.28979594e-01
9.67846364e-02
-1.00148350e-01
2.22740825e-02
9.31339413e-02
-1.75684005e-01
1.81091949e-02
-7.12542161e-02
9.51344743e-02
