0
0.330707133
0.236239672
0.5002262
1.5602628
0
0
2.07950044
0
0
0
0
4.16568995
0
0.652645469
6.19629002
1.72019887
5.45656729
0
0
0.184840649
0
0
0
0
0
0
0
2.76220727
0
0
2.83108449
0
0
0.362068266
0.611597478
2.1142385
0
0
0
0
0
0
0
4.72708893
0
1.23494971
3.52918148
0
2.48626542
0
0
0
0
0
0
0
0
0
0
0
0
0
0
0
0
0
2.1222775
2.4377265
0
0
0
0
0
0
0
6.07438326
0
0
2.72633266
0
2.86080933
0
0
0
0
0.032625258
0
0
0
0
0
0
0
0
0
0
0
0
1.35043192
1.43976867
0
0
0
0
0
0
0
6.65490866
0
0.00733910501
2.3644743
0
1.40240526
0
0
0
0
0
0
0
0
0
0
0
0
0
0
0
0
0
1.55572391
0.838752389
0
0
0
0
0
0
0
7.47009563
0
2.03929543
2.7243979
0
1.21924138
0
0
0
0
0
0
0
0
0
0
0
0
0
0
0
0
0.410992116
1.83484101
1.96637332
0
0
0
0
0
0
0
10.0090532
0
2.02151155
5.52740049
0
3.91844296
0
0
0
0
0
0
0
0
0.398281127
0
0
0
0
0
0
0
0
0
0
0
0
0
0
0
0
0
9.07757854
0
2.95402646
3.33005357
0
2.11897469
0
0
0
0
0
0
0
0
1.49994516
0
0
0
0
0
0
0
0
0
0.591750145
0
0
0
7.9708209
0
7.64246798
0
1.38792682
0
2.23261094
0
0
0
0
0
3.23024368
0
0.166878939
0
0
0
3.13258123
0
0
0
0
0.57112956
