-7.93812573e-02
8.76128152e-02
9.76112410e-02
-1.28095359e-01
1.39243096e-01
2.53011018e-01
2.92679608e-01
1.17016457e-01
4.57713641e-02
-5.35925999e-02
-2.85925239e-01
9.46766362e-02
9.88623649e-02
-3.25952619e-01
-1.81988060e-01
-1.60758048e-01
9.30822715e-02
5.92465937e-01
2.24799588e-02
-1.56322211e-01
-1.97006464e-01
-2.73800045e-02
3.63545448e-01
3.31850916e-01
-2.45883152e-01
1.71374097e-01
4.28777128e-01
3.86150964e-02
-2.50679463e-01
-2.52086312e-01
-4.30741757e-01
-4.71077293e-01
-5.44239521e-01
-5.59126362e-02
-3.42376977e-01
-1.46000877e-01
4.50379625e-02
-5.09110764e-02
1.58820495e-01
2.82792926e-01
3.60401213e-01
7.97238648e-02
-1.59780420e-02
-4.71258610e-01
-9.29730833e-01
-2.19986692e-01
7.31678084e-02
7.98894539e-02
1.51109248e-01
-2.95747668e-01
-1.74287975e-01
3.86310846e-01
-5.79062430e-03
-2.85579830e-01
2.36287653e-01
-1.51321322e-01
-1.58330590e-01
3.21830511e-01
-1.66463301e-01
-9.20709744e-02
6.38601407e-02
-1.77975088e-01
-1.73418120e-01
8.35855454e-02
8.81879851e-02
-5.97278364e-02
-1.85874626e-02
-3.62625778e-01
2.09019542e-01
5.98899089e-02
-1.42823160e-01
9.09357816e-02
6.06658757e-01
2.12432742e-01
8.33133906e-02
1.86974071e-02
6.58937320e-02
8.44121724e-03
7.82242417e-02
-7.29324445e-02
-2.12086856e-01
-6.65831864e-02
-3.19720984e-01
-1.62579089e-01
-2.44597852e-01
-3.72767746e-01
-2.42100984e-01
1.86087012e-01
9.86867696e-02
-4.47977055e-03
7.65631720e-03
-2.83411264e-01
2.33615026e-01
-5.31928718e-01
-7.29011118e-01
-7.77892113e-01
8.00862685e-02
4.27537501e-01
-2.40270212e-01
3.98350805e-02
-2.85795406e-02
-1.51892975e-01
-1.95375942e-02
-2.57694215e-01
-1.98694572e-01
1.24073662e-01
-2.00485997e-02
-1.60402004e-02
-2.45647594e-01
-1.34064127e-02
3.44511926e-01
-1.39290765e-01
-2.99836755e-01
-8.95422399e-02
4.75803809e-03
2.85052508e-01
-6.54019266e-02
1.66696608e-01
6.88070804e-02
-4.10275877e-01
-1.09934531e-01
-4.10013497e-02
2.27770597e-01
-5.12471125e-02
-2.62090534e-01
5.93909509e-02
-1.39018267e-01
1.32436529e-02
3.17321390e-01
-8.51185769e-02
-1.32239163e-01
-1.24844678e-01
-2.78905898e-01
-2.53858060e-01
1.33287728e-01
1.72894835e-01
1.20236985e-01
1.81079522e-01
-2.13550687e-01
-2.24181920e-01
-1.11157529e-01
3.29411179e-01
1.85549840e-01
7.08460435e-02
-9.47662517e-02
3.63398381e-02
-9.91649702e-02
8.10890868e-02
6.78326190e-02
-8.78681988e-02
6.24769092e-01
-6.37812689e-02
-1.03874109e-03
1.15890197e-01
1.92313306e-02
-6.50396869e-02
-2.69871354e-01
2.92627960e-02
1.62731156e-01
-8.06487724e-02
-2.73570150e-01
1.38766348e-01
2.77539883e-02
1.47946313e-01
-1.14519931e-01
5.89057198e-03
-2.22497731e-01
-2.71918595e-01
-3.07126433e-01
-4.81210709e-01
-6.32203743e-02
-9.42022353e-02
-1.62976712e-01
-4.44632359e-02
8.64217523e-03
7.86440969e-02
2.99772829e-01
1.22042783e-01
2.95023303e-02
-5.97027317e-02
-1.01026274e-01
-3.03903557e-02
1.99346647e-01
1.05235219e-01
4.58778799e-01
5.79579234e-01
-6.19594716e-02
-2.00349148e-02
2.66906917e-02
1.18357670e-02
3.39628942e-02
4.71730173e-01
-1.05152123e-01
-8.62661973e-02
-2.32498422e-02
4.13483307e-02
2.40683109e-01
3.61060858e-01
-1.66415498e-01
1.23926818e-01
3.89433384e-01
-8.55975822e-02
-2.54945159e-01
-2.51054466e-01
-4.27918844e-02
-1.21405954e-02
2.34820992e-01
2.09851697e-01
-1.67944863e-01
-2.67512918e-01
-3.39608826e-02
-1.70349911e-01
1.71536922e-01
2.39396449e-02
5.82314469e-02
-2.90650904e-01
-1.14709541e-01
-2.90464669e-01
1.63820997e-01
-2.67716885e-01
-2.40464851e-01
1.46537781e-01
-1.94202572e-01
-1.56776514e-02
5.09561539e-01
-9.05113071e-02
-4.01403666e-01
-2.06995457e-01
2.14098096e-02
-3.75723243e-02
8.33437815e-02
-4.40899342e-01
3.50468129e-01
7.68545926e-01
-1.41470537e-01
-1.26479054e-02
2.15452552e-01
4.47192609e-01
2.54192889e-01
-3.72481465e-01
-2.15786889e-01
-1.63366944e-01
3.59934092e-01
-1.14566974e-01
-9.25211329e-03
-4.19217125e-02
-1.38940305e-01
-1.53981790e-01
3.14194381e-01
-1.96067378e-01
-8.04512724e-02
2.58760154e-01
-1.25498742e-01
-9.53240618e-02
-2.14915618e-01
-1.91245541e-01
-1.66770965e-01
3.86249237e-02
-3.04217726e-01
-9.73626599e-02
4.10493284e-01
-2.54610889e-02
-9.27805305e-02
1.98690817e-01
-6.50793374e-01
-3.65944475e-01
-1.07639186e-01
-5.75873256e-03
1.69619665e-01
-2.91711062e-01
-9.24561843e-02
-1.35420337e-01
-9.95149687e-02
1.21072918e-01
-9.52660292e-02
-4.19353098e-01
2.01995447e-02
-7.23677054e-02
-2.15002224e-01
-1.27738312e-01
1.23412646e-01
1.46190494e-01
-3.36724520e-01
1.38150528e-01
4.22673970e-01
-3.45075935e-01
-3.06886196e-01
-5.95527422e-03
-1.42959235e-02
-6.43240847e-03
-1.01478379e-02
1.09416498e-02
-2.66270973e-02
-6.06178446e-03
-7.69671751e-03
-3.40022077e-03
-9.96864215e-03
1.54927783e-02
-3.00236815e-03
-1.49322851e-02
7.18627474e-04
-8.53499770e-03
-8.15315347e-04
1.87151728e-03
1.66365430e-02
-5.45764668e-03
-9.71888006e-03
-3.01571433e-02
-6.56235823e-03
-1.30464928e-02
-7.91767705e-03
-7.90186040e-03
9.80176218e-03
-8.80037993e-03
-2.58499058e-03
-7.15831481e-03
-7.38906791e-04
-2.76910351e-03
1.72152393e-03
-4.17396019e-04
-4.35353228e-04
-5.59391873e-03
-7.92721752e-03
-9.28679388e-03
-3.84767121e-03
-8.24351702e-03
-3.15762428e-03
-1.01565178e-02
-1.97167229e-02
-2.35479567e-02
-8.11950769e-04
-2.30779336e-03
-1.71179194e-02
-9.02444869e-03
1.56320184e-02
-1.64081343e-02
-1.87494889e-01
-2.34670252e-01
4.27330703e-01
-2.07770020e-01
-4.88519929e-02
-1.02738656e-01
-3.38519782e-01
-2.73385137e-01
-1.83852881e-01
-2.74440646e-01
-2.70559072e-01
2.62796506e-02
-2.33995974e-01
1.24621950e-01
1.58624239e-02
-2.80650437e-01
4.37529907e-02
-2.93715596e-01
-3.80959421e-01
-1.18203111e-01
4.44765955e-01
-3.33564788e-01
-7.52911195e-02
3.67165387e-01
-5.93585745e-02
1.72896922e-01
-3.89048666e-01
-4.10694629e-01
8.41021314e-02
7.40779191e-02
-1.74643859e-01
-1.31976381e-01
-1.89854968e-02
-2.32955851e-02
7.22795129e-02
6.90753981e-02
-1.76282361e-01
8.76874849e-02
2.58527547e-01
-1.47601262e-01
1.61595032e-01
1.23071663e-01
-5.26414633e-01
6.67772070e-02
4.44443464e-01
-2.41071209e-01
9.25731286e-02
2.30962485e-01
5.22432514e-02
4.73026842e-01
1.38257518e-01
-1.91420868e-01
1.50334477e-01
-2.13071048e-01
4.00684625e-01
1.00276299e-01
-4.65328097e-02
-9.34742857e-04
-2.70249844e-01
1.52444050e-01
1.15239844e-01
-4.92818266e-01
-3.69814187e-01
-1.22025110e-01
-5.27898014e-01
-1.56098679e-01
5.01208939e-02
-3.61900210e-01
7.21243620e-02
4.88172948e-01
1.99642047e-01
2.46177241e-02
-3.04186076e-01
-5.09946942e-01
-9.13346469e-01
7.45295465e-01
-1.86453372e-01
-3.63031100e-03
3.11794251e-01
-3.65725279e-01
-1.09492719e-01
1.59166932e-01
-2.62624383e-01
8.49055424e-02
-2.18603671e-01
-2.68108457e-01
-3.64151448e-01
3.44947606e-01
-2.85910845e-01
1.88451782e-01
-2.16578215e-01
-2.53357142e-01
2.49469712e-01
3.57369363e-01
1.64886504e-01
2.52122998e-01
-7.67877921e-02
1.61447659e-01
2.27453396e-01
1.58222526e-01
-6.10179268e-02
-1.15285531e-01
4.77684975e-01
2.22672969e-01
4.45543885e-01
-1.02876402e-01
7.51187326e-03
9.95723754e-02
-3.95489872e-01
-4.84965682e-01
-5.07726490e-01
-6.95919245e-02
-9.09941196e-02
-1.78053777e-03
6.78928941e-02
-1.56346396e-01
4.29861210e-02
3.59757811e-01
3.49220723e-01
3.03266555e-01
-1.27722174e-01
-2.46888936e-01
-4.21942592e-01
1.37080431e-01
-2.88751632e-01
-2.17719644e-01
-2.89602220e-01
-3.51359516e-01
-1.84137806e-01
-2.19797641e-01
-4.48524237e-01
-4.55617040e-01
-1.62994131e-01
-1.34658990e-02
-1.75611660e-01
3.64562795e-02
-6.78701773e-02
-5.14478907e-02
-6.67723238e-01
-5.67445099e-01
-9.58829839e-03
1.80926621e-01
1.05871476e-01
6.76850453e-02
-1.25133201e-01
-4.49732512e-01
8.30541193e-01
4.51253466e-02
-3.97285312e-01
1.03043012e-01
4.51163054e-02
4.89027016e-02
-6.74195960e-02
-3.40958297e-01
-4.46998589e-02
2.59059787e-01
7.06997439e-02
-8.51350129e-02
-3.87200147e-01
-1.99915022e-01
-3.56245935e-01
-2.92452648e-02
-5.17465115e-01
-1.08924843e-02
6.70857787e-01
4.61511016e-01
-7.63697401e-02
3.24434549e-01
-1.89608783e-01
-6.63886189e-01
2.65863895e-01
2.46168420e-01
2.27325127e-01
-5.66152513e-01
9.17767212e-02
-1.07068881e-01
-6.30941465e-02
1.25493167e-03
-3.42869200e-02
5.70648462e-02
-6.73772991e-02
-1.47723958e-01
-1.43848345e-01
-1.93759855e-02
-6.92475736e-02
1.56522378e-01
-3.33850265e-01
1.75148293e-01
2.09221661e-01
3.20544578e-02
-3.14278573e-01
-1.39359655e-02
1.68085396e-02
4.97327000e-01
1.53728090e-02
-3.21420259e-03
9.97863188e-02
1.79832149e-02
1.61745980e-01
-2.09830090e-01
4.54894034e-03
-2.61023194e-01
-1.85299799e-01
-6.07436039e-02
-1.79508686e-01
-5.17670035e-01
-1.17925875e-01
-2.00834069e-02
-1.23497792e-01
5.94980419e-01
1.93191081e-01
-8.66584256e-02
-2.12695509e-01
2.95390468e-02
3.86776984e-01
-1.48759022e-01
-1.90008357e-01
6.23540729e-02
2.06208840e-01
-7.57770985e-02
-2.05823302e-01
-3.75722796e-01
-8.87491554e-02
-4.57917750e-01
-3.81673425e-01
-2.07779169e-01
5.51253632e-02
-6.66636750e-02
2.93471105e-03
-2.31656179e-01
-2.58804653e-02
-5.91734499e-02
2.61933915e-03
1.47457505e-02
2.54185852e-02
-2.49553651e-01
-3.26828957e-01
1.30721435e-01
-1.33523848e-02
-2.80146562e-02
4.90908921e-02
-5.75178377e-02
-3.56891155e-01
2.08108008e-01
9.92543772e-02
-1.10753104e-02
-1.91913813e-01
-6.48000240e-02
-1.39959797e-01
2.46102899e-01
-2.86119450e-02
-8.96613523e-02
-2.10981086e-01
1.08453177e-01
4.31264311e-01
5.26808612e-02
-5.51115908e-03
6.15130141e-02
-1.22892663e-01
-2.66963411e-02
-4.20350879e-01
3.45758977e-03
1.19039945e-01
-2.86328614e-01
-1.98583260e-01
2.25134548e-02
-2.72114843e-01
-7.57390186e-02
4.86966521e-02
2.31192470e-01
-7.49319559e-03
1.99812174e-01
4.83080178e-01
-2.79650614e-02
-1.18913278e-01
-1.50843784e-01
-1.70991927e-01
2.45013908e-02
-2.46208385e-02
-1.05863392e-01
1.19750321e-01
-2.91179791e-02
6.22322671e-02
2.65839845e-01
4.01320189e-01
1.86714649e-01
2.78341502e-01
-6.77483752e-02
-2.40229830e-01
8.63368034e-01
-1.31514713e-01
-3.99225593e-01
-2.99986824e-02
1.27049685e-01
-1.59062713e-01
8.61739554e-03
-3.24237347e-02
-4.68816131e-01
-1.14241138e-01
-1.95273273e-02
1.92311965e-03
2.50446983e-02
2.48632342e-01
-2.35616431e-01
-2.64862478e-01
1.95186272e-01
-2.45364606e-01
4.92758870e-01
6.89883605e-02
-5.27839482e-01
4.64291811e-01
-2.29702577e-01
1.43148124e-01
5.46029620e-02
3.80582094e-01
-5.46117306e-01
-6.21933937e-01
1.78207710e-01
-2.73912370e-01
-5.88250421e-02
-6.07582889e-02
-1.95124790e-01
-1.92399621e-01
1.41074926e-01
-2.45763585e-02
1.96751177e-01
1.02984659e-01
-4.06468064e-01
2.22495142e-02
1.37830421e-01
-6.18308425e-01
2.35298604e-01
1.43655226e-01
-2.97964573e-01
2.00048998e-01
-1.17757805e-01
5.62242139e-03
-1.39917269e-01
7.32310489e-02
-4.35901999e-01
-1.49468973e-01
-2.57380009e-01
3.57515663e-01
3.36518973e-01
6.34815276e-01
6.70005158e-02
1.06147401e-01
2.94776171e-01
4.84828418e-03
1.20308779e-01
4.60336730e-02
-1.02164978e-02
-2.44187862e-02
3.21787708e-02
-1.02676652e-01
-1.54143730e-02
5.16544618e-02
-4.29137409e-01
2.72994000e-03
2.23475501e-01
-1.48925617e-01
1.96105409e-02
-1.77898377e-01
-2.81755686e-01
-1.59933388e-01
-2.47336328e-02
-1.49138674e-01
2.21081488e-02
3.74191962e-02
3.07571948e-01
1.53318107e-01
3.96146417e-01
1.01312868e-01
2.24523053e-01
4.80838984e-01
6.14892900e-01
3.76472063e-02
-8.30977917e-01
-1.69637412e-01
7.15103000e-02
8.83337185e-02
2.64616549e-01
4.85607713e-01
8.35345566e-01
-6.61924407e-02
-1.54132560e-01
-3.04661870e-01
-2.83044353e-02
-2.33635958e-03
9.30573698e-03
-5.05299449e-01
-4.26925808e-01
-3.68281424e-01
-4.52201873e-01
-3.54190260e-01
-4.07273352e-01
-2.20963880e-01
2.45479912e-01
6.46516502e-01
-2.26871416e-01
1.22275062e-01
2.50578284e-01
-1.09338313e-01
-1.03374891e-01
-2.30391026e-01
-1.21271200e-01
9.91214290e-02
1.27742141e-01
1.79893196e-01
3.03632587e-01
3.56319308e-01
-4.28473175e-01
5.04490621e-02
1.22513376e-01
-2.62555808e-01
-2.04963908e-01
3.85815918e-01
-1.72182962e-01
1.59017146e-01
-7.24292025e-02
-9.24708769e-02
1.95573673e-01
5.00870407e-01
-7.88562819e-02
-1.39881402e-01
-1.28297076e-01
-2.19143435e-01
-3.01715851e-01
-2.05616713e-01
-8.21454227e-02
-1.86520189e-01
-2.07767799e-01
-1.31790802e-01
7.64366314e-02
1.26340613e-01
2.41764891e-03
6.72419593e-02
-1.57938138e-01
-1.06926359e-01
-1.39618456e-01
1.98582523e-02
-1.19429283e-01
3.82828861e-02
-1.24331214e-01
-1.32818729e-01
1.78615361e-01
-1.92369707e-02
3.19510922e-02
8.79832879e-02
-1.06153302e-01
-2.96323121e-01
5.39229400e-02
-1.49080530e-02
-2.18747318e-01
-1.33807644e-01
-1.18907457e-02
1.45995483e-01
2.61120766e-01
-2.92232871e-01
-8.29762965e-02
1.42357707e-01
2.51604766e-02
-5.83640151e-02
4.28113192e-02
-7.52990693e-02
-1.88133687e-01
2.32406974e-01
-8.84902999e-02
-2.49209493e-01
1.22625120e-01
-6.60131127e-02
-7.87186027e-02
-1.55341387e-01
-1.58213422e-01
6.56602904e-02
7.88621157e-02
-1.34827241e-01
-7.77886510e-02
1.56786740e-01
1.79702919e-02
-1.94471061e-01
-1.97080210e-01
-1.23129621e-01
1.90507050e-03
3.48042637e-01
2.78594941e-01
7.64604062e-02
1.70789957e-01
-1.01572596e-01
-6.95796311e-02
-1.50015011e-01
-1.09808497e-01
-1.44319028e-01
-6.20424468e-03
3.48397702e-01
1.12729847e-01
-1.97916195e-01
-5.17663658e-01
-3.25084716e-01
-3.35807592e-01
-3.20243925e-01
-5.72249778e-02
1.14780776e-01
-2.97490269e-01
3.97893548e-01
4.18376565e-01
7.25096241e-02
-3.98164719e-01
-9.51321051e-02
2.13625133e-01
-4.12100822e-01
1.91698834e-01
4.40326393e-01
4.14476901e-01
3.29051733e-01
1.35943547e-01
-4.87147421e-02
-9.98445973e-02
-9.95650366e-02
9.37463790e-02
1.15234442e-01
2.39959389e-01
-1.77316368e-01
-2.98967034e-01
-2.86228865e-01
3.88072431e-02
8.09229538e-02
1.29772082e-01
2.23886754e-09
-1.39979001e-12
-6.11731750e-08
1.08633647e-09
3.37403772e-10
-3.96587319e-10
-1.10006513e-04
5.81765082e-04
4.08384309e-04
-2.47503684e-10
7.46140927e-10
-7.27482004e-08
-5.04804030e-03
-1.01757413e-02
-1.36489421e-02
-9.39003655e-07
3.28808203e-10
1.84822890e-09
-3.78192408e-11
-2.03767377e-06
1.91105851e-08
-1.53535418e-03
-1.19374960e-03
-2.52136146e-03
-8.15336132e-10
-8.96234473e-04
-3.27584101e-04
-7.58901238e-03
-8.68361909e-03
-1.21680219e-02
-4.29606298e-03
-9.26895253e-03
-1.21515617e-02
3.53625637e-07
-2.30777558e-04
-1.21014402e-03
-3.44049680e-04
-1.54608686e-03
-3.03091854e-03
-3.71658592e-04
-8.25424388e-04
-1.58919604e-03
-2.32642105e-05
-3.00310367e-05
-1.96565907e-05
-1.61680990e-04
2.99765520e-06
-2.66486401e-04
-4.71669734e-02
8.02915096e-01
-3.53155255e-01
6.13679998e-02
5.61284311e-02
1.37399346e-01
7.36989006e-02
6.57664984e-02
1.34856388e-01
-2.12221324e-01
3.13044369e-01
-2.24114344e-01
-1.63196355e-01
-2.18664870e-01
-2.43330404e-01
-1.85988948e-01
-2.43227601e-01
1.56376421e-01
1.15259267e-01
5.02444267e-01
-3.92608762e-01
2.64985383e-01
2.00794548e-01
-4.98515248e-01
-3.92229050e-01
5.62536828e-02
4.00504440e-01
-1.55446783e-01
-3.03641647e-01
-1.10841937e-01
-2.03914821e-01
-6.38311580e-02
-9.72167328e-02
1.34918973e-01
-1.33955330e-01
1.35893852e-01
-1.83473885e-01
-2.09506035e-01
4.78546172e-02
1.47089660e-01
-2.38256887e-01
1.29089132e-01
-1.08912669e-01
1.51592478e-01
-9.63734239e-02
-1.26343340e-01
-7.32977241e-02
1.24606609e-01
7.77352571e-01
-1.31312132e+00
5.17619669e-01
-1.09765612e-01
7.99882337e-02
-2.12381706e-01
8.03697184e-02
-3.30017507e-02
-6.00530326e-01
-2.08212331e-01
-2.34398291e-01
-6.95690066e-02
1.14235818e-01
2.52111703e-01
-5.87056041e-01
-1.44683450e-01
2.63191968e-01
-3.15951675e-01
1.04347005e-01
-3.57958019e-01
1.47786647e-01
1.31612688e-01
-2.94561207e-01
1.68002591e-01
3.59770477e-01
4.72980529e-01
-3.93368274e-01
-1.72037691e-01
3.47044021e-01
-4.61969107e-01
1.03254639e-01
3.35391313e-01
-5.55962622e-01
-1.75841108e-01
-4.97823842e-02
4.91943322e-02
-3.48940492e-02
1.22898653e-01
-3.89204383e-01
-4.57533374e-02
2.14380443e-01
-7.19043240e-02
-4.72921669e-01
-3.11017871e-01
-1.62470803e-01
3.47341537e-01
-1.21176295e-01
-3.76848966e-01
-6.09149635e-02
9.98229608e-02
2.25583836e-01
-3.54906261e-01
-9.40207671e-03
4.62850064e-01
-2.54607469e-01
-3.68712023e-02
4.02543694e-01
-1.69316053e-01
-1.03578053e-01
1.68822527e-01
-1.99686676e-01
-1.43345952e-01
-8.48061293e-02
-1.24320619e-01
-3.37638743e-02
-4.18034475e-03
-1.91589266e-01
8.05404782e-02
2.33249575e-01
5.13973311e-02
2.92663842e-01
2.55319655e-01
-2.38518178e-01
2.32906088e-01
3.96363020e-01
-6.52705580e-02
-1.02717713e-01
-1.91281334e-01
-3.21928978e-01
-1.82862103e-01
2.01969504e-01
-2.29531422e-01
-5.77247962e-02
-2.01646071e-02
-1.00371495e-01
-8.95555168e-02
-1.86645523e-01
-1.50184557e-01
-4.98375416e-01
-2.92105824e-01
-5.17114937e-01
-2.58869678e-01
9.11195576e-02
3.44724029e-01
-2.04853922e-01
-3.22572231e-01
5.77194728e-02
4.34174910e-02
-1.11999318e-01
-1.27139799e-02
1.62544832e-01
2.79796541e-01
2.01826081e-01
2.86645323e-01
-2.96732988e-02
5.55041842e-02
4.75226268e-02
-9.15895849e-02
-1.73370585e-01
-2.28668675e-01
6.07191175e-02
-1.59322135e-02
-7.34859630e-02
-9.99888554e-02
1.75365776e-01
-1.36737436e-01
1.31005749e-01
1.87027335e-01
-1.44280061e-01
-3.04007530e-01
-1.70492530e-01
-2.31822476e-01
4.89839911e-02
1.55783474e-01
-9.19775739e-02
-1.01761006e-01
2.40539550e-03
1.15520537e-01
3.62222314e-01
-1.41626537e-01
-1.99691758e-01
-1.26025885e-01
-1.95171505e-01
-2.65980422e-01
-1.23475172e-01
-2.33662069e-01
8.71877968e-02
4.56872970e-01
-2.43165597e-01
-9.12952721e-02
1.42755717e-01
1.99523315e-01
1.15568943e-01
1.27696484e-01
8.42633322e-02
1.10931903e-01
1.46776568e-02
-1.34860411e-01
9.05406475e-02
1.56291813e-01
7.27896094e-02
-2.88991898e-01
1.56510666e-01
-1.09724365e-01
1.90166254e-02
-2.17563435e-01
-4.41607274e-02
-2.90533006e-01
-1.12669736e-01
9.18263569e-02
-1.90926597e-01
4.31227118e-01
4.32547718e-01
-3.24007690e-01
-3.57193440e-01
6.90485388e-02
2.58713216e-01
1.65721476e-01
2.43959695e-01
3.65967676e-02
9.01455581e-02
2.17129439e-01
-2.12870955e-01
-1.87766075e-01
4.97102644e-03
-2.16767803e-01
-3.44034404e-01
-1.78009599e-01
2.46771332e-02
-2.85950035e-01
2.30263211e-02
-4.13732618e-01
-2.07061740e-03
3.73724461e-01
3.46682221e-01
3.67463410e-01
1.62906095e-01
-4.26652163e-01
-2.19226494e-01
-1.74001321e-01
-2.43758470e-01
-1.27397761e-01
2.76148766e-01
2.72863470e-02
3.31274606e-03
6.62453473e-02
2.34794974e-01
1.95377953e-02
-2.21624240e-01
-5.20595685e-02
2.79255938e-02
-3.23475778e-01
-5.43497205e-01
-2.46942431e-01
-8.92469287e-02
-1.42098293e-01
1.14664033e-01
-1.41321614e-01
-2.03737065e-01
2.53305137e-01
2.75343861e-02
-9.27403867e-02
-1.29854351e-01
9.17129666e-02
-4.55176979e-02
1.35617465e-01
-1.28984123e-01
-9.15552378e-02
-1.20150745e-01
2.80162822e-02
-9.25090909e-02
-9.35182944e-02
4.93390299e-02
-1.76265612e-01
-3.15671474e-01
-4.08202380e-01
-2.74399877e-01
8.31186622e-02
-1.54988736e-01
-1.00374036e-01
4.38592583e-01
-1.79069147e-01
1.12355255e-01
-1.48296803e-01
2.13958719e-03
-1.11261025e-01
-3.18831623e-01
1.61940664e-01
1.41742885e-01
4.58797842e-01
-4.21418510e-02
2.31855437e-01
4.30242151e-01
1.71042562e-01
3.48033309e-02
1.90379098e-01
4.91658717e-01
4.77197945e-01
-5.54956384e-02
-2.38946989e-01
1.07642829e-01
-1.12735704e-02
-1.60516962e-01
-4.44952488e-01
-2.48858348e-01
3.19033504e-01
-1.84003726e-01
-1.52154982e-01
5.73033750e-01
2.23904416e-01
2.21467257e-01
1.76324949e-01
1.79020464e-01
5.53039499e-02
3.21360677e-01
-3.66915047e-01
3.19695659e-02
1.15315281e-01
-2.35391453e-01
-3.40781748e-01
-2.77263880e-01
-2.16036275e-01
-2.03041509e-01
-1.64032131e-01
-1.83093891e-01
-9.99429673e-02
4.29852158e-02
-5.36087751e-02
-2.05825195e-01
4.25796397e-02
-1.18112125e-01
3.61724854e-01
-2.26214752e-01
-1.93486020e-01
-2.52064139e-01
-1.40166152e-02
-2.49349605e-02
-8.61788765e-02
-1.10613331e-01
-8.37533548e-02
-9.42621604e-02
-5.35124004e-01
-3.15801561e-01
-1.72859401e-01
2.47108787e-01
2.29270309e-01
1.17582090e-01
8.40811729e-02
-8.89550373e-02
-2.68667340e-02
9.68856388e-04
4.28079069e-02
9.94438007e-02
2.06888705e-01
3.59445699e-02
4.06269915e-02
-5.55616729e-02
-1.14434958e-02
-8.57589692e-02
1.79633707e-01
1.39279678e-01
1.12485595e-01
-8.92199501e-02
-2.12545767e-01
-1.57395571e-01
1.14100903e-01
-2.58916058e-03
-1.51646519e-02
-1.32512942e-01
-8.39047432e-02
-2.22316682e-01
2.76189655e-01
2.89801419e-01
2.21380457e-01
2.49460191e-01
1.10366210e-01
1.14039280e-01
-9.52034593e-02
-4.92951840e-01
-3.54725569e-01
-1.78166762e-01
-2.75233954e-01
-4.51719910e-01
-4.18990850e-01
-1.66444585e-01
-6.93544596e-02
4.12541270e-01
-2.68053830e-01
1.04639297e-02
2.95824617e-01
1.37710437e-01
-4.32456911e-01
-2.98991352e-01
-3.39255452e-01
-3.96095604e-01
-7.24042505e-02
-1.11042343e-01
-3.52069102e-02
-2.08420232e-01
-7.44868666e-02
7.85550922e-02
1.17203414e-01
1.96160883e-01
-4.03286070e-02
1.15677744e-01
-3.73429447e-01
9.56163555e-03
9.49807093e-03
-2.43205398e-01
-1.90929756e-01
3.96205485e-01
6.99244738e-02
-2.56642759e-01
-3.26503217e-01
-3.39372039e-01
-3.00826095e-02
-7.79997930e-02
-1.25370994e-01
-5.53595833e-03
4.14506942e-02
-5.40422276e-02
2.11311832e-01
-1.66939110e-01
-2.73545980e-01
-1.59692764e-01
3.74861926e-01
5.99074662e-02
-7.02708542e-01
-1.29557028e-01
-1.99285567e-01
3.06610137e-01
3.36858124e-01
3.25380504e-01
1.62189990e-01
1.39550775e-01
-8.15197051e-01
-3.95590626e-02
2.07232997e-01
2.46914521e-01
3.11416984e-01
-1.61535174e-01
-2.06510365e-01
-2.31085211e-01
3.74736488e-01
-1.80903807e-01
-3.98503274e-01
-8.31388310e-02
8.41884017e-02
-1.19561460e-02
4.94578660e-01
2.87576020e-01
4.01166528e-02
1.00307301e-01
-5.45673907e-01
-2.05882981e-01
-7.41083547e-02
-4.49395031e-01
-3.05174202e-01
9.16477203e-01
3.61876070e-01
4.75328684e-01
-5.56837618e-01
9.96945053e-02
-2.06016794e-01
-3.88727129e-01
1.68103948e-02
2.07855687e-01
1.89504042e-01
2.18733326e-01
1.63306922e-01
2.16254517e-01
1.12492092e-01
-1.28832355e-01
3.65385003e-02
-8.20461735e-02
-2.52675593e-01
1.38746336e-01
-1.31863222e-01
-4.29894090e-01
6.05746135e-02
4.55108797e-03
-1.46899074e-02
4.54185084e-02
-1.85270101e-01
-2.23373860e-01
1.74432039e-01
2.51877487e-01
4.08719540e-01
4.42623198e-01
3.36520374e-01
2.42227361e-01
7.29725286e-02
7.92235285e-02
1.62264332e-02
-2.25965187e-01
-2.77316958e-01
-1.91218600e-01
-2.40803827e-02
-4.79409695e-02
1.06636293e-01
1.88740030e-01
-6.66179731e-02
-2.65434027e-01
3.18433762e-01
2.02921517e-02
-2.20534772e-01
3.69031690e-02
-2.05375347e-02
2.11440280e-01
-1.34391591e-01
-1.08579844e-01
-1.07081465e-01
-8.34426060e-02
-2.30379887e-02
6.81968927e-02
7.75661916e-02
-2.12430861e-02
-3.47001553e-01
-2.21504316e-01
-3.10812235e-01
-3.16698879e-01
-2.82024205e-01
-2.34528571e-01
6.21318771e-03
2.82628573e-02
-3.25820260e-02
-1.34032384e-01
-4.13295627e-01
-5.64522266e-01
-4.96123642e-01
3.06539778e-02
-4.00855482e-01
-4.11451966e-01
-1.59003139e-01
-2.47544330e-02
1.92534417e-01
-3.07179779e-01
-3.16673130e-01
-2.94644266e-01
4.01469588e-01
1.28449559e-01
-6.76251501e-02
-1.46175846e-01
-2.38607958e-01
-1.07594356e-01
3.72469097e-01
1.34922504e-01
7.39964917e-02
-8.56277440e-03
-3.04294169e-01
-3.64134699e-01
-1.36719821e-02
-1.54852718e-01
-9.53623280e-02
1.90009341e-01
1.28454491e-01
2.41886839e-01
-7.59159327e-01
-5.37564933e-01
-2.53502756e-01
-2.38716170e-01
-1.04518607e-01
1.99381545e-01
4.77216393e-01
1.46382838e-01
3.61419469e-01
1.51576012e-01
-1.04635067e-01
-2.15551481e-01
2.22638696e-01
1.93563163e-01
2.40417868e-02
-3.49815190e-01
-5.14924705e-01
-1.14272766e-01
8.78181681e-02
-4.05068398e-01
-3.14595550e-01
-3.70364845e-01
4.70217019e-01
1.82718560e-01
8.42449740e-02
-4.26359117e-01
-6.71569854e-02
2.14251354e-01
-4.26603019e-01
-3.63846213e-01
-3.50998119e-02
-3.45726386e-02
2.02454969e-01
1.42941266e-01
-2.55730510e-01
-1.41442180e-01
5.96398473e-01
-1.01879731e-01
2.60173213e-02
-2.14683145e-01
-2.95854002e-01
-7.35060498e-02
1.61052309e-02
4.39505309e-01
2.10534051e-01
7.59278655e-01
-2.29121730e-01
-1.50587693e-01
2.72730738e-01
-8.32611993e-02
1.18832007e-01
1.13721587e-01
-1.76100001e-01
-7.40940049e-02
2.21994799e-02
-1.97496995e-01
-1.73510835e-01
3.81632452e-03
-3.29159677e-01
-1.65017053e-01
7.72638842e-02
-1.77339926e-01
-3.80836934e-01
-4.35091257e-02
-9.76841450e-02
1.72298580e-01
-2.09670305e-01
-3.68707061e-01
-3.01757812e-01
