6.02914952e-02
-4.31552291e-01
1.32893324e-01
1.02307171e-01
-5.92779040e-01
-8.00126512e-03
-1.98272079e-01
4.36761118e-02
2.70021826e-01
-3.30377549e-01
3.44321020e-02
6.06332626e-03
-1.26909554e-01
2.09562123e-01
4.41424996e-01
-1.61590334e-02
-6.18555307e-01
3.41012746e-01
-3.39233786e-01
2.31232494e-01
3.47807378e-01
2.69998938e-01
3.82671416e-01
-2.75104344e-01
-3.16087991e-01
4.58480828e-02
1.15064025e-01
5.29785693e-01
-1.29566982e-01
1.81488380e-01
2.84359097e-01
-4.29115921e-01
3.42417985e-01
1.49017796e-01
1.82166830e-01
-3.55945230e-01
-2.22999841e-01
-3.96349669e-01
-2.65283048e-01
-2.97839969e-01
1.09949354e-02
-1.09615535e-01
-3.39564145e-01
-1.63427547e-01
1.68592900e-01
1.55495107e-01
2.07065176e-02
2.62122154e-01
4.07644987e-01
2.30999172e-01
5.94449103e-01
-4.62544858e-01
-6.47020936e-01
-3.17130029e-01
1.05105668e-01
1.60143569e-01
9.52109993e-02
3.33497554e-01
-3.65461595e-02
-1.48698047e-01
-5.65702133e-02
3.71426046e-01
6.31232280e-03
2.57068187e-01
2.11648852e-01
-5.05672514e-01
9.34682563e-02
2.80603413e-02
-4.36785668e-02
3.27026933e-01
2.48125315e-01
2.18667924e-01
9.79795456e-02
-3.18640083e-01
2.08302215e-01
7.12227598e-02
-5.88655695e-02
-5.98437823e-02
-1.83945909e-01
-4.28192824e-01
-9.31089073e-02
1.18817165e-01
1.30872205e-01
-2.07207575e-02
4.00614917e-01
-1.10539021e-02
4.58470397e-02
-2.56353825e-01
1.45889940e-02
-4.85792495e-02
6.04207516e-02
2.82699019e-01
7.24502057e-02
-3.95694256e-01
1.50925785e-01
4.18074578e-02
-2.09265843e-01
5.06849885e-01
-3.15607786e-01
-5.15906632e-01
4.49542075e-01
2.73765653e-01
3.54458094e-01
-1.64761066e-01
4.10125554e-02
2.29502723e-01
6.55028373e-02
7.81323612e-02
8.93250778e-02
-4.34126444e-02
-2.18588740e-01
3.22696418e-01
1.68708816e-01
-4.26763207e-01
-1.60766736e-01
-1.31599113e-01
-3.84119749e-01
2.46107757e-01
-3.07705343e-01
-1.02698520e-01
3.13457221e-01
-2.15089470e-01
-1.54329956e-01
6.38415441e-02
2.19203964e-01
2.00815529e-01
-2.52170086e-01
1.70306548e-01
3.39203030e-01
1.02415943e+00
-5.66520333e-01
-1.76707178e-01
-4.23157424e-01
1.19928084e-01
4.78461862e-01
-2.19159842e-01
4.07841206e-02
2.92123288e-01
2.84120798e-01
2.79285554e-02
4.47538570e-02
-1.31083354e-01
-4.86034155e-01
4.48643088e-01
6.10443115e-01
-4.13914323e-01
-1.73279658e-01
-3.24124485e-01
-4.49761420e-01
1.71975777e-01
-1.57949060e-01
-4.94293422e-02
5.14367461e-01
1.37614861e-01
-8.55270624e-02
-1.68290257e-01
-9.23840031e-02
3.15292448e-01
-9.46649164e-02
3.82264018e-01
-1.08847305e-01
-6.06503114e-02
-4.92244154e-01
-1.63913637e-01
1.11655347e-01
-6.96629286e-02
1.66460037e-01
6.05272055e-01
-4.45936956e-02
2.90093631e-01
-9.00321454e-02
-2.12577522e-01
3.64006698e-01
-4.82944064e-02
2.04158455e-01
-2.08611146e-01
2.46456459e-01
-3.57771635e-01
-1.24842264e-01
-1.06466606e-01
1.59666643e-01
1.11254901e-01
-3.34530085e-01
-1.47307932e-01
3.69582355e-01
1.53518200e-01
-5.40360957e-02
-1.38390427e-02
2.37485051e-01
4.53519315e-01
-1.44194931e-01
3.80441695e-01
6.77613914e-02
4.00276691e-01
-6.19431674e-01
-1.51372865e-01
-2.22748443e-02
-1.09869717e-02
2.62497425e-01
1.17713735e-01
1.49754295e-02
-1.18077144e-01
2.78212875e-02
2.19565883e-01
-3.76348048e-02
-3.76091391e-01
7.43935183e-02
1.63493127e-01
-2.83093303e-01
-3.94207418e-01
-3.16575319e-01
-4.74550612e-02
-2.08724253e-02
7.02321708e-01
-2.93874264e-01
1.50211856e-01
1.69155642e-01
-2.22130809e-02
2.20762253e-01
1.18488342e-01
-6.29613996e-02
-1.74559847e-01
-2.44493693e-01
-1.96151529e-02
2.10226234e-02
2.64200680e-02
-3.15419398e-02
-1.23470984e-01
-8.53495952e-03
-7.60868788e-01
3.19244206e-01
1.28389254e-01
-4.92139727e-01
-2.73285173e-02
9.78574529e-03
-7.60576665e-01
-2.07158446e-01
-1.24749161e-01
3.98441941e-01
-2.90175118e-02
4.53785062e-01
1.80020049e-01
5.83937094e-02
-3.26740563e-01
-1.62577644e-01
-8.15490261e-02
-1.19046308e-01
-3.06365155e-02
-4.83194590e-02
1.47585524e-02
-2.04822700e-02
8.93835276e-02
-2.34444514e-01
-3.42608720e-01
1.81328803e-01
3.20127517e-01
-1.83820173e-01
-3.31560165e-01
1.87020689e-01
-8.27116519e-02
-2.43952975e-01
1.52373105e-01
-3.05985719e-01
2.08793476e-01
-1.75184965e-01
1.88861527e-02
-2.95040727e-01
2.26890728e-01
1.26331672e-01
1.45739624e-02
1.95613742e-01
-2.71469265e-01
-2.52809674e-01
1.03932917e-01
2.12502450e-01
2.97219455e-01
5.14775097e-01
-2.22902715e-01
1.57922059e-02
-3.71852592e-02
-3.83230031e-01
1.06607184e-01
-1.12301642e-02
-8.67689475e-02
7.99198300e-02
-2.10072309e-01
-4.15721118e-01
-3.29230279e-02
1.38104716e-02
2.36019626e-01
-2.36066550e-01
2.72887833e-02
1.03336118e-01
2.87508011e-01
2.81880468e-01
3.08209687e-01
-2.13429965e-02
7.98175186e-02
2.86814123e-02
-3.73451374e-02
3.33285816e-02
4.34156209e-02
-2.91483492e-01
-4.83222067e-01
-1.46045210e-02
-9.56816599e-02
-8.73246882e-03
-8.30006897e-02
2.83239670e-02
-4.16842587e-02
-1.93874896e-01
-6.83072656e-02
1.96718648e-02
7.72555470e-02
4.73790094e-02
-5.61109602e-01
7.66428709e-02
2.70025045e-01
-4.14258614e-02
2.00628534e-01
-1.28255650e-01
4.33327794e-01
-2.48022944e-01
-1.47437295e-02
1.63776383e-01
2.67052144e-01
1.56096131e-01
-2.24591494e-01
-3.57239954e-02
1.25294447e-01
1.31828383e-01
1.26678273e-01
2.73452923e-02
-2.77680695e-01
-5.19429445e-01
2.35671103e-01
4.08795923e-01
-3.97701599e-02
-6.69543892e-02
-6.09656215e-01
-1.44854367e-01
6.64067641e-02
-2.86059380e-01
-1.48127526e-01
2.76910216e-01
-1.31959826e-01
1.45581186e-01
1.20023312e-02
-7.33627155e-02
2.85516232e-01
-3.85498941e-01
1.36189014e-01
5.25800437e-02
-4.05890852e-01
1.51432425e-01
-3.81805897e-01
-4.36214022e-02
2.72192031e-01
-6.70690089e-02
5.19632220e-01
-1.13771975e-01
1.31384343e-01
-2.23105907e-01
-3.44466195e-02
2.90650874e-01
5.12811765e-02
-2.28002816e-02
-3.82003576e-01
-3.37164216e-02
7.72099420e-02
3.27404201e-01
-1.53548643e-01
2.11690843e-01
-4.72326666e-01
-3.65931600e-01
-1.87655255e-01
-4.14111137e-01
2.80273080e-01
-1.20451972e-01
-4.98806715e-01
1.45359576e-01
-2.12420255e-01
-4.92754191e-01
-3.64422470e-01
2.08666012e-01
-4.57227707e-01
5.06984115e-01
7.18751922e-02
-1.87833771e-01
-1.81610465e-01
-2.11732432e-01
3.60267699e-01
-1.35240719e-01
-1.61227047e-01
-9.93127897e-02
-1.46015808e-01
-5.76910377e-01
1.24494046e-01
3.28247190e-01
-5.73893309e-01
-4.77094889e-01
3.10926110e-01
8.07081163e-02
3.08599859e-01
3.88679713e-01
-2.47751340e-01
3.06395471e-01
-9.42632928e-02
-4.79520857e-01
-2.38017794e-02
1.86887726e-01
-1.41547978e-01
-7.41670132e-02
-2.27803081e-01
3.09076130e-01
-2.47451738e-01
-5.16990483e-01
-2.50286013e-01
5.08909047e-01
2.07551554e-01
1.37607520e-02
1.19869106e-01
1.85216535e-02
1.61950976e-01
-2.07606331e-01
2.68099338e-01
1.44727528e-02
2.05477886e-02
-1.89735815e-02
-1.54468328e-01
-8.75063688e-02
-6.62849486e-01
-3.60025615e-02
1.51914939e-01
1.98177412e-01
9.09029022e-02
1.52969867e-01
-5.68073034e-01
-3.28304842e-02
5.70562556e-02
-3.50662440e-01
-1.04035825e-01
1.25364050e-01
-2.53863871e-01
6.76739365e-02
-1.91704765e-01
-1.94609389e-02
5.45863323e-02
-4.13953334e-01
2.17491388e-01
1.67931393e-01
1.78579435e-01
1.25718117e-01
-4.19405758e-01
-6.09299958e-01
-3.36488724e-01
2.16674451e-02
-5.64844385e-02
1.05993515e-02
4.25111549e-03
-1.71775073e-01
5.43280184e-01
2.16426015e-01
3.35435420e-01
-1.56384394e-01
5.48844159e-01
-7.63105080e-02
3.21702302e-01
-9.73243713e-02
-2.09027544e-01
5.18395454e-02
2.31363326e-01
1.97549939e-01
-2.12280497e-01
-2.29958370e-01
3.06360155e-01
-7.67592937e-02
-6.11177504e-01
2.72028953e-01
-9.88021716e-02
-1.51799411e-01
-3.88014875e-02
3.10235858e-01
-5.50206378e-02
-3.22170615e-01
-1.08034290e-01
1.71763599e-01
-2.77651042e-01
8.56164005e-03
1.71177834e-02
-1.29552722e-01
1.62299290e-01
1.61120947e-02
3.49768907e-01
-3.57873261e-01
4.24340397e-01
-2.26088643e-01
-1.36258468e-01
8.70575979e-02
3.28502268e-01
1.13308474e-01
3.26124370e-01
4.47025687e-01
1.86272874e-01
-3.57845724e-01
1.42600581e-01
-1.05783984e-01
-8.19598511e-02
7.06996918e-02
9.46610719e-02
1.17377535e-01
4.72174063e-02
2.62013972e-01
4.99402881e-02
-1.97410524e-01
1.67588964e-01
1.83326513e-01
-3.29377115e-01
7.91818202e-02
-5.94459593e-01
-1.17906377e-01
-1.46634549e-01
9.82773229e-02
-3.69180888e-01
-1.08068109e-01
-3.57297948e-03
-2.71417131e-03
4.90322351e-01
1.64755993e-02
1.64551288e-01
2.94602830e-02
-1.92807287e-01
-3.48880321e-01
4.76744860e-01
1.32898092e-01
2.08877325e-01
4.84842926e-01
-1.73723042e-01
-1.35768130e-01
7.00296044e-01
1.07276542e-02
-1.63405553e-01
2.75623351e-01
3.63766588e-03
-3.28655951e-02
-2.27646396e-01
2.41836548e-01
2.76596379e-02
-1.85695849e-02
3.84610176e-01
4.54394817e-01
-1.22808039e-01
-6.19980991e-02
-2.51958650e-02
3.88735570e-02
-3.15601081e-01
-2.42048837e-02
3.53470333e-02
-3.76381248e-01
8.07417557e-02
9.36085060e-02
-3.99058871e-02
8.66392031e-02
4.68931235e-02
1.95476696e-01
-2.34270960e-01
3.48837078e-01
-1.17460154e-01
-1.02123685e-01
1.18297435e-01
9.30825099e-02
7.42417216e-01
-1.10985488e-01
2.55491417e-02
2.02967733e-01
-1.44768476e-01
1.78366035e-01
-2.21736848e-01
-2.34270886e-01
1.82302088e-01
1.59006104e-01
-2.51599643e-02
2.63687968e-01
-5.16142733e-02
2.02050824e-02
-3.52839082e-01
-9.88107398e-02
-2.63505541e-02
-3.55399735e-02
2.06514820e-01
1.04484342e-01
4.42806870e-01
1.94572508e-02
-4.14286144e-02
-1.50172278e-01
4.77686338e-02
-2.68731028e-01
2.16109127e-01
-1.60742432e-01
2.06786543e-01
2.78367579e-01
-1.05953455e-01
-1.93226710e-01
3.36112380e-01
5.04806228e-02
-1.84353143e-01
3.09910744e-01
4.15661819e-02
-4.14530396e-01
-1.41440213e-01
7.69466698e-01
-4.64756005e-02
-5.06752208e-02
8.55410919e-02
-4.88804251e-01
3.99863161e-02
-2.22091183e-01
7.45274961e-01
1.87658072e-01
2.33160973e-01
-8.47043172e-02
-2.14732379e-01
-2.42220402e-01
-6.13076746e-01
-2.63307989e-01
3.17371815e-01
-4.93568219e-02
-1.18451141e-01
2.59163707e-01
-5.12599647e-01
2.30023384e-01
-1.48375764e-01
-5.26913166e-01
-1.71928424e-02
3.97487134e-01
-2.75863737e-01
-1.49788961e-01
-5.14106229e-02
8.47593416e-03
-1.00443982e-01
-4.67474997e-01
1.15660720e-01
-2.18670830e-01
1.93115979e-01
2.81643420e-01
2.86124557e-01
5.44050753e-01
1.05045468e-01
2.45278422e-03
2.21317723e-01
-2.82518357e-01
1.07831679e-01
-7.31317177e-02
2.05495991e-02
-7.57370964e-02
8.07771012e-02
2.51519084e-01
-5.32261431e-01
1.07174456e-01
1.15875984e-02
-1.15593225e-01
1.97035417e-01
-2.39361838e-01
1.12890758e-01
2.97397286e-01
-2.44275317e-01
-1.33850381e-01
-1.33526713e-01
1.14030674e-01
-2.84903020e-01
1.05009213e-01
5.75219572e-01
-2.06681877e-01
1.21976368e-01
-6.02230251e-01
-1.47045001e-01
-1.27788112e-01
7.55015612e-02
3.38157117e-01
-1.36834651e-01
1.78670827e-02
4.51793700e-01
-5.60893863e-02
4.05020565e-01
6.33246154e-02
-5.83754480e-02
2.48687252e-01
-1.78619981e-01
-3.68975878e-01
-2.56342024e-01
2.97093630e-01
3.58683199e-01
6.85839877e-02
2.13545963e-01
-1.40263408e-01
1.37175217e-01
3.16006280e-02
-1.86091177e-02
-3.51176113e-02
-1.35046124e-01
3.19585323e-01
-6.29471168e-02
-2.94075698e-01
1.61096156e-01
-3.23105037e-01
-7.09280819e-02
4.07605082e-01
2.13970155e-01
1.01205282e-01
2.69801438e-01
1.04821384e-01
-4.05347124e-02
2.65297502e-01
-1.23560168e-01
-4.29917648e-02
5.67723989e-01
-1.19120300e-01
-1.60828188e-01
-3.79069060e-01
-5.30294597e-01
-1.47805095e-01
-1.42122507e-01
-1.48748040e-01
5.34434877e-02
4.23741132e-01
-2.55392402e-01
2.12844431e-01
1.45571902e-01
6.13360964e-02
-1.98755577e-01
-1.24628879e-01
-5.70350960e-02
-1.36459723e-01
7.06563517e-02
-1.14488244e-01
-1.76643208e-01
1.56772569e-01
-2.69648999e-01
2.61775672e-01
-1.80212542e-01
-3.70391645e-02
-1.56309023e-01
-1.64502725e-01
2.13381499e-01
1.01855090e-02
-1.65376082e-01
-6.20370694e-02
-8.09956249e-03
2.59719998e-01
4.06185925e-01
7.72664472e-02
-1.05072841e-01
-4.87839371e-01
2.33594850e-01
-4.91475016e-02
4.26405907e-01
2.62118816e-01
-6.49196282e-02
-2.61720568e-02
-1.21455349e-01
-5.46943486e-01
1.07052982e-01
-7.38190711e-02
-4.65094335e-02
1.32378876e-01
-1.98612243e-01
-2.10755900e-01
-1.62488803e-01
1.00108884e-01
5.09198189e-01
2.36393824e-01
-1.15167469e-01
-8.11481029e-02
-8.85547176e-02
5.24831265e-02
-3.83591980e-01
-3.52812633e-02
3.98536175e-02
-6.21934012e-02
3.86448205e-01
8.86023343e-02
1.80003449e-01
-2.90252477e-01
4.12962198e-01
-4.60018843e-01
1.97356090e-01
-2.60000318e-01
8.44805241e-02
-1.91965684e-01
1.12532146e-01
-8.14625859e-01
8.22579041e-02
1.65607974e-01
8.87781605e-02
1.14523165e-01
-8.01628083e-02
1.60066575e-01
1.61875971e-02
-1.87849864e-01
-1.36589468e-01
7.65645206e-02
-6.87034249e-01
6.50742710e-01
2.46469229e-01
-1.95586324e-01
-1.72538400e-01
-2.32822254e-01
3.15184474e-01
5.42369578e-03
-3.38436186e-01
-5.17398156e-02
-1.11407906e-01
-2.11457536e-01
6.36090338e-02
4.37604934e-01
-4.25855607e-01
-4.59840149e-01
4.90851283e-01
4.20492440e-02
2.40900636e-01
3.64253998e-01
-2.07006216e-01
2.74851859e-01
9.74807143e-02
-5.34603775e-01
-5.90004623e-01
1.22341350e-01
-5.91456220e-02
-1.35869905e-01
-2.39973739e-01
3.47410738e-01
-2.80162215e-01
3.04095633e-03
1.69218048e-01
-2.05112696e-01
-1.65381990e-02
1.22842140e-01
2.11290762e-01
1.13613486e-01
-1.19629987e-01
2.21206948e-01
8.57856348e-02
1.43948451e-01
6.90625310e-02
6.90159053e-02
-1.84286758e-01
-2.01391935e-01
4.33004826e-01
1.66193023e-01
-3.48330110e-01
-3.23229700e-01
-2.53315866e-01
-1.94103077e-01
3.43241036e-01
-9.78265703e-02
-4.81642596e-02
1.43177375e-01
-7.37251490e-02
-4.07003522e-01
1.31423801e-01
7.84836113e-02
3.47524136e-01
-8.14786274e-03
7.03918785e-02
7.72997960e-02
4.71941680e-02
5.12819737e-03
3.10065574e-03
1.15656324e-01
-1.87678374e-02
-1.35618418e-01
-2.25167975e-01
1.82602465e-01
-2.53502224e-02
-5.84757179e-02
9.45902914e-02
-2.35248227e-02
2.30318591e-01
-3.09451334e-02
2.51667082e-01
-5.15788674e-01
-8.60379264e-03
-2.31137589e-01
2.98214108e-01
9.69128981e-02
3.20103280e-02
3.19197148e-01
1.01703174e-01
3.61088850e-02
-6.39846548e-02
-8.67462382e-02
2.63014913e-01
9.08553153e-02
-9.79754329e-02
-1.19571358e-01
2.66380101e-01
-7.85010457e-02
-4.14158911e-01
4.24014986e-01
-1.82778090e-02
-7.39971846e-02
-1.32028595e-01
-1.99990943e-01
3.07821572e-01
-1.78122252e-01
-1.38525711e-02
-2.26587519e-01
-1.63051367e-01
-1.13728449e-01
1.31507277e-01
2.83421338e-01
-6.80741727e-01
-4.12516803e-01
2.72880256e-01
-3.19637358e-02
4.01061714e-01
4.01638716e-01
-3.28786761e-01
2.13657677e-01
-1.21069729e-01
-5.02815664e-01
-3.87489423e-02
1.89578891e-01
-1.07881941e-01
-4.11012709e-01
-2.18236938e-01
3.28865759e-02
3.27945687e-02
-1.91197515e-01
-2.18212292e-01
-1.59635335e-01
8.84596482e-02
-6.06335588e-02
-1.28771514e-01
1.87892616e-01
2.21006513e-01
-1.03260115e-01
-2.15544119e-01
-1.68091133e-01
-8.89249966e-02
1.13359923e-02
-3.29268068e-01
6.79908618e-02
5.09735405e-01
2.63300836e-01
2.44097412e-01
6.58953786e-01
-6.88595355e-01
1.02190904e-01
5.01934960e-02
-9.33953226e-02
1.48429096e-01
1.20343357e-01
2.82900892e-02
2.34941021e-02
2.63662282e-02
3.95832062e-02
-7.26395249e-02
1.20730074e-02
2.37358600e-01
-2.80821592e-01
2.59285331e-01
-1.34324893e-01
8.30760971e-02
2.45901734e-01
5.90461016e-01
-7.65715539e-02
-4.15729463e-01
2.33728290e-01
-8.75793695e-02
3.77453446e-01
-2.74501443e-02
-2.33828891e-02
1.27201214e-01
-1.62049547e-01
3.25786591e-01
-8.95742998e-02
-3.40083897e-01
-3.64748061e-01
1.61883906e-01
-1.96027800e-01
7.40288377e-01
-1.11770846e-01
3.41757350e-02
-4.28874642e-02
-2.19619915e-01
-1.27983481e-01
6.31221950e-01
2.03379259e-01
8.60320851e-02
-3.49712402e-01
5.67654520e-02
5.02101541e-01
-1.32331505e-01
9.67642590e-02
-2.40718886e-01
-4.76873338e-01
-2.75497496e-01
1.03074089e-01
2.07685858e-01
1.49029911e-01
-2.51559317e-01
-1.01623975e-01
-2.50531565e-02
2.77736962e-01
2.24227443e-01
4.15850952e-02
7.49931112e-02
-6.42243326e-01
4.35317278e-01
-2.28260398e-01
3.58404666e-01
2.46335447e-01
-1.09694690e-01
2.79444903e-01
-8.17723349e-02
-1.91478968e-01
4.26884562e-01
1.91091821e-01
1.04895502e-01
8.65981579e-02
1.70684010e-02
-1.16405495e-01
-1.94178864e-01
