-1.25554204e+00
-1.13150668e+00
1.45585433e-01
2.21614420e-01
2.82839507e-01
3.12878013e-01
2.74819702e-01
8.73580426e-02
-6.86673522e-02
-1.51906908e-02
1.34162977e-01
1.92708939e-01
1.28051817e-01
9.57598537e-02
-1.11724228e-01
-1.91327333e-01
-1.77492261e-01
-3.69755924e-02
1.78020000e-02
1.68135986e-02
-2.99811810e-02
-1.21123046e-02
1.15407407e-02
2.01161593e-01
1.00825503e-01
-6.71927333e-02
-4.59583104e-02
-5.47151268e-02
2.71562934e-02
3.49694192e-02
-2.88900447e+00
1.80362046e-01
1.58203447e+00
9.26113009e-01
-1.75818838e-02
-2.20326148e-02
6.51994720e-02
1.47949323e-01
2.46113896e-01
2.17093468e-01
1.07401803e-01
7.38828108e-02
1.33242622e-01
2.56698132e-01
1.34584323e-01
1.54547408e-01
9.51188952e-02
2.07246810e-01
2.35609695e-01
7.32580870e-02
-1.09316394e-01
-1.50875539e-01
-8.73431712e-02
4.81688492e-02
-2.38365442e-01
-3.11683744e-01
-2.17230529e-01
-2.55576879e-01
-2.64586322e-02
-9.56686884e-02
-1.47280872e-01
-2.70918794e-02
-2.35123110e+00
-2.45668483e+00
-6.32944167e-01
-2.92803407e-01
-4.23012972e-01
-1.83917806e-01
-1.45150915e-01
-4.62448835e-01
-4.17234391e-01
-3.54677349e-01
-4.85447407e-01
-3.99058163e-01
-2.10739240e-01
-2.40114406e-01
-6.59716368e-01
-3.69923264e-01
-3.80750060e-01
-4.27646071e-01
-3.05814147e-01
-1.81934595e-01
-1.12583920e-01
-1.63304701e-01
-1.07890308e-01
1.33332103e-01
-2.26221114e-01
4.28794026e-02
1.80927545e-01
-3.54288250e-01
2.16472656e-01
2.37196356e-01
-3.66653800e-02
1.19352847e-01
2.59055209e+00
2.61784649e+00
-6.35109007e-01
-1.03708768e+00
-1.49023557e+00
-1.46286273e+00
-1.46174884e+00
-1.41364431e+00
-1.28183484e+00
-1.33510947e+00
-1.49871683e+00
-1.52117920e+00
-1.49922490e+00
-1.52528667e+00
-1.46263957e+00
-1.52190089e+00
-1.67276287e+00
-1.91650987e+00
-1.79351830e+00
-1.87450743e+00
-1.97739315e+00
-2.17371774e+00
-2.17784977e+00
-2.22329831e+00
-2.16786265e+00
-2.28283668e+00
-2.36533689e+00
-2.52075100e+00
-2.41776943e+00
-2.49997139e+00
-2.71905756e+00
-2.69843698e+00
-4.10436010e+00
-2.63159394e+00
1.91994452e+00
1.50858033e+00
1.01042068e+00
9.47051883e-01
9.15564775e-01
1.00182176e+00
1.18912947e+00
1.38815022e+00
1.47582603e+00
1.44058955e+00
1.42899346e+00
1.54429078e+00
1.76648033e+00
2.06459260e+00
2.28741241e+00
2.43270373e+00
2.44014192e+00
2.51288939e+00
2.60983467e+00
2.73568726e+00
2.79890871e+00
2.84488511e+00
2.88407159e+00
3.05336857e+00
3.23793054e+00
3.43817353e+00
3.54685616e+00
3.65697241e+00
3.87085581e+00
4.13031197e+00
1.73930824e+00
-1.69550860e+00
9.16359067e-01
6.37896955e-01
-3.06078583e-01
-2.94652373e-01
-3.53716820e-01
-4.00394946e-01
-2.37658948e-01
-3.30265164e-02
-3.32403183e-02
-1.56176478e-01
-2.64008075e-01
-3.29051822e-01
-2.20586687e-01
-1.51799917e-02
5.10513932e-02
-1.84071034e-01
-3.18649560e-01
-3.49856764e-01
-3.27320069e-01
-4.31570679e-01
-5.39607286e-01
-6.46754622e-01
-6.32898927e-01
-5.70476055e-01
-5.47055602e-01
-6.83998585e-01
-6.87583566e-01
-6.97261572e-01
-8.26395988e-01
-8.02842736e-01
-1.73219979e+00
-2.17295647e+00
-1.40441692e+00
-1.16159415e+00
-2.02833280e-01
-2.64520109e-01
-1.64937630e-01
-4.95973378e-02
-3.11262429e-01
-5.92438698e-01
-5.83733559e-01
-4.90838885e-01
-4.37862575e-01
-4.06784117e-01
-4.54996407e-01
-8.93385708e-01
-9.95965302e-01
-8.75482798e-01
-7.90883601e-01
-8.68863165e-01
-9.34413612e-01
-8.97237778e-01
-8.53608012e-01
-8.70763838e-01
-7.47996390e-01
-1.01289499e+00
-1.09726298e+00
-9.20750320e-01
-1.17997468e+00
-1.16227055e+00
-1.07594538e+00
-1.25805449e+00
-2.27506232e+00
2.95725107e+00
-8.62955689e-01
-4.62275535e-01
4.21186924e-01
4.53430235e-01
4.70962405e-01
4.94350642e-01
4.21027929e-01
2.69672215e-01
2.33603299e-01
3.40999961e-01
4.35042858e-01
4.35859412e-01
4.44599092e-01
3.30982864e-01
2.48357356e-01
2.62463719e-01
4.00479198e-01
4.92314160e-01
5.39203346e-01
5.62388539e-01
6.10434055e-01
6.20236456e-01
7.53240108e-01
7.73592412e-01
6.98918939e-01
7.18422413e-01
7.14549541e-01
7.25668311e-01
7.71832645e-01
7.53858209e-01
6.81890607e-01
2.07191277e+00
1.97355926e+00
1.08975327e+00
-1.32165074e-01
-2.10057914e-01
-1.80011302e-01
-3.55103314e-02
1.43585533e-01
2.95553803e-01
2.98330933e-01
1.51337087e-01
5.87893873e-02
1.41687542e-01
2.92402864e-01
4.22518969e-01
5.22635460e-01
4.93300825e-01
3.23613763e-01
1.49432868e-01
6.62939698e-02
4.90821004e-02
4.48520482e-03
-6.71853721e-02
-1.56761944e-01
-1.89592540e-01
-5.64230978e-02
3.77213359e-02
-2.78702676e-02
-6.28317893e-02
-4.10202146e-02
4.38935608e-02
-3.38198352e+00
-5.29860353e+00
1.19287066e-01
1.14736664e+00
1.69684720e+00
1.71376491e+00
1.65346944e+00
1.51354814e+00
1.41590929e+00
1.46804059e+00
1.64158392e+00
1.81345332e+00
1.89106202e+00
1.88420177e+00
1.85810864e+00
1.95545924e+00
2.17081738e+00
2.45980024e+00
2.71256685e+00
2.94091630e+00
3.12895679e+00
3.30983496e+00
3.48296952e+00
3.65764904e+00
3.76480079e+00
3.86709356e+00
3.96808529e+00
4.11530590e+00
4.31987047e+00
4.51339722e+00
4.66664886e+00
4.80261040e+00
8.43536758e+00
6.80517340e+00
1.81829000e+00
1.81928945e+00
1.16364622e+00
1.04471827e+00
1.03635573e+00
1.10390568e+00
1.28564596e+00
1.46298361e+00
1.50262928e+00
1.49558496e+00
1.53749061e+00
1.68327665e+00
1.92477679e+00
2.06277823e+00
2.36024570e+00
2.45378041e+00
2.75455904e+00
2.79641128e+00
2.89865494e+00
2.93844724e+00
3.11716580e+00
3.23516321e+00
3.39728141e+00
3.31218266e+00
3.60782957e+00
3.76657724e+00
3.98609924e+00
4.25443983e+00
4.34613276e+00
4.71359444e+00
3.56771302e+00
-4.65874553e-01
5.27911246e-01
6.73088431e-02
-9.81445789e-01
-1.02181292e+00
-9.47814107e-01
-8.65732491e-01
-7.17572749e-01
-5.72924256e-01
-5.70293367e-01
-6.24494970e-01
-6.22842550e-01
-5.43157697e-01
-4.08216953e-01
-3.22746366e-01
-9.89933014e-02
-1.58750832e-01
-1.05323821e-01
-2.48384327e-01
-2.33701050e-01
-2.53849864e-01
-1.91744030e-01
-2.19860911e-01
-2.00073034e-01
-2.99861610e-01
-2.49137282e-02
-1.14834309e-03
4.34051156e-02
1.36668086e-01
5.78287840e-02
2.21504688e-01
-2.36670160e+00
-3.84680247e+00
5.44053316e-01
6.26493156e-01
7.93874636e-02
-1.61999948e-02
-4.34299223e-02
2.47030221e-02
1.15346231e-01
2.83864677e-01
3.82160872e-01
3.13650608e-01
2.20079526e-01
2.24238917e-01
5.01430869e-01
5.56182742e-01
7.85353065e-01
6.88650727e-01
6.87859297e-01
6.57757998e-01
7.56488740e-01
7.64169455e-01
7.59072006e-01
6.32260561e-01
8.68967712e-01
7.90561736e-01
9.28466737e-01
1.07409108e+00
9.07562792e-01
1.03773665e+00
1.07383001e+00
1.14401472e+00
9.93244648e-02
-1.95994675e+00
1.58765590e+00
2.08791041e+00
1.89376545e+00
1.74927831e+00
1.70173991e+00
1.72232199e+00
1.72056758e+00
1.69741178e+00
1.64330709e+00
1.55787206e+00
1.52891576e+00
1.62438595e+00
1.60727274e+00
1.50505543e+00
1.42194068e+00
1.50999725e+00
1.60540509e+00
1.63258004e+00
1.54028356e+00
1.48345494e+00
1.49086654e+00
1.63235986e+00
1.59585798e+00
1.43706918e+00
1.37824345e+00
1.41390038e+00
1.48966193e+00
1.60612643e+00
1.71845460e+00
1.81934309e+00
2.39357901e+00
7.60142028e-01
-2.74618649e+00
-2.81527352e+00
-2.60113502e+00
-2.48640156e+00
-2.43236852e+00
-2.59762120e+00
-2.81060600e+00
-2.98498154e+00
-3.13058257e+00
-3.20195532e+00
-3.26899910e+00
-3.46865368e+00
-3.85687828e+00
-4.18320751e+00
-4.49689150e+00
-4.83400106e+00
-5.08716774e+00
-5.29999161e+00
-5.48315191e+00
-5.71179867e+00
-5.91565132e+00
-6.06012058e+00
-6.29352856e+00
-6.49589729e+00
-6.72150517e+00
-7.14956284e+00
-7.37597084e+00
-7.62601233e+00
-8.05036354e+00
-8.49114323e+00
-4.89053869e+00
-1.17758346e+00
-1.47086024e+00
-1.20536053e+00
3.05004120e-01
2.38383472e-01
2.15604514e-01
1.49413377e-01
-6.78961650e-02
6.89585060e-02
2.86195844e-01
1.71009064e-01
7.34592974e-03
-8.02588686e-02
6.99207336e-02
5.88943809e-02
2.75684118e-01
1.09062642e-01
-3.12625200e-01
-1.78121760e-01
1.34605139e-01
2.91045904e-01
4.35372442e-02
-2.52061903e-01
3.76348346e-02
1.85653895e-01
2.23231524e-01
2.86045343e-01
-3.83457661e-01
-2.07945660e-01
1.40445679e-02
-2.29942352e-01
-3.67559910e-01
1.28860569e+00
