-1.22760059e-02
-4.89159077e-02
-1.98823482e-01
2.37493396e-01
-1.26445359e-02
1.01883721e+00
9.46763530e-02
-1.02013028e+00
-6.35747731e-01
5.60606480e-01
4.40579295e-01
1.94735184e-01
-1.99958041e-01
-2.13380456e-01
-7.07567692e-01
-3.55134100e-01
-3.76017630e-01
1.88168779e-01
-3.54032256e-02
3.64325523e-01
7.31811464e-01
-2.79376477e-01
-1.25414506e-01
7.39208698e-01
-7.82951295e-01
4.69979078e-01
8.69527459e-02
1.79273218e-01
1.27857491e-01
-6.25919282e-01
5.49841344e-01
-9.98297930e-02
4.48311353e-03
-4.37033474e-02
1.94719538e-01
-1.74551085e-02
-3.73052001e-01
-5.83329126e-02
-3.51741493e-01
2.78617799e-01
-1.21193796e-01
3.48476619e-02
1.12933721e-02
9.85253826e-02
-4.43386147e-03
-4.38060045e-01
-2.98816204e-01
3.03200990e-01
7.33873665e-01
5.46867788e-01
-1.83105357e-02
-3.27847242e-01
6.89761266e-02
2.89843500e-01
2.30230212e-01
-7.58135974e-01
-4.30096060e-01
5.20408034e-01
1.16901956e-01
2.30184823e-01
-1.30042672e-01
2.81312317e-01
1.13572285e-01
-6.04923964e-01
7.17969388e-02
6.33434296e-01
3.73460859e-01
-2.04140306e-01
-1.17210364e+00
1.81835011e-01
9.45369676e-02
1.19879656e-01
4.78587300e-02
1.53799243e-02
2.18656495e-01
7.16892302e-01
3.93872321e-01
-6.29828513e-01
-2.86255121e-01
2.85325181e-02
-4.11545709e-02
6.28678724e-02
1.09658740e-01
-7.24466369e-02
-8.64476711e-02
-9.42718625e-01
-6.53128266e-01
2.88432926e-01
3.44298035e-01
7.01655149e-01
-2.59150341e-02
2.13320646e-02
1.45241590e-02
3.43243107e-02
-3.93880196e-02
3.92549932e-01
8.05652201e-01
3.40030193e-01
4.31164801e-01
-6.93276346e-01
3.09751987e-01
-2.63890803e-01
9.16268751e-02
-4.36687618e-01
-4.70621400e-02
-2.73252279e-01
-1.78931072e-01
4.13021117e-01
7.95984268e-01
2.93842524e-01
3.60499412e-01
-2.69507952e-02
4.70504373e-01
-8.03650916e-02
1.95577089e-02
-5.65313280e-01
-4.00131524e-01
2.87543714e-01
2.69148409e-01
5.46712995e-01
-1.56448305e-01
-1.87507167e-01
3.74102116e-01
-1.35031655e-01
5.04101753e-01
-5.71749806e-01
-7.51465484e-02
1.69001296e-01
4.02588725e-01
3.17247957e-01
-2.14104742e-01
-4.51357096e-01
-7.80888915e-01
-8.15096736e-01
-5.21254659e-01
-1.99762538e-01
1.36602119e-01
5.10210767e-02
2.41986960e-01
-1.62369087e-01
7.67832175e-02
-1.33876175e-01
6.09105118e-02
1.17556795e-01
-1.30171150e-01
1.99805811e-01
-1.49318755e-01
-2.15441152e-01
-7.88781583e-01
-8.46874714e-01
-1.34939885e+00
-4.37770963e-01
4.30899799e-01
2.61481851e-01
7.70275414e-01
2.39090651e-01
-8.93733948e-02
4.17266274e-03
-2.94569016e-01
1.60776556e-01
