1.52148438
0
3.40234375
0.775390625
1.24609375
1.59667969
0
0.0576171875
0.92578125
0.283203125
1.77148438
1.31640625
0
1.47363281
1.9375
0
0
1.54589844
0.303710938
1.0859375
0
0
0.666015625
1.05859375
0
0.262695312
0.0361328125
1.09667969
0.603515625
0
0.481445312
0.91796875
0
2.296875
1.23632812
0
0
0.512695312
1.19726562
1.72851562
0
1.54492188
1.21777344
0
0.361328125
0.328125
1.54199219
0
0.329101562
0
0.830078125
0
0
0
0.1796875
0
0.124023438
0
0.228515625
0
0.252929688
0.208007812
0.373046875
0
1.015625
1.42871094
0
1.78710938
0.284179688
0.352539062
0.896484375
0.60546875
0.44140625
0
0
0.756835938
0.731445312
0
0.576171875
1.23730469
0.645507812
1.62988281
0
1.55566406
0.952148438
0.373046875
1.11425781
0.205078125
0.1484375
0
0.3671875
1.28125
2.11425781
0
0.638671875
1.70898438
1.70214844
0.819335938
2.2265625
0
0.678710938
0.252929688
0
0.561523438
0.666992188
1.91503906
1.16992188
0.809570312
0
2.16992188
0.3671875
0.0439453125
1.21972656
0
1.7578125
0.08203125
1.20898438
1.55078125
0.286132812
0.568359375
0.89453125
0.516601562
2.26074219
0.583984375
0
1.22558594
1.99414062
0.216796875
1.10742188
1.83886719
0
2.49023438
0.479492188
0.490234375
1.32714844
0.935546875
0.03515625
0
0
1.76171875
1.69824219
0
0.728515625
2.56152344
0
1.16992188
1.28027344
0
1.11035156
0.577148438
0.563476562
1.1640625
0.524414062
1.72558594
0.251953125
0
0.413085938
2.42871094
0
0.262695312
0
1.13378906
0
0.588867188
0.715820312
0
0.538085938
0.400390625
0.534179688
0.0849609375
0
0
1.18359375
0
0
1.05175781
0
0.864257812
0
0.305664062
0
0
0.551757812
0.271484375
0
0
0
0.478515625
0.405273438
0
0
1.92089844
0.424804688
0.26953125
0
1.109375
1.13867188
0.705078125
0.563476562
0.616210938
0.5078125
0
0
0.84375
0.673828125
0.236328125
1.0703125
1.953125
0
1.61328125
1.67089844
0.888671875
0.678710938
0
0
0.439453125
0
0
0
0
0.428710938
0
0
0
0
0
0.6484375
0
0
0
0
0
0
0.79296875
1.13378906
0.44921875
0
1.41210938
0
0
0.595703125
0
0
2.95605469
1.04199219
2
0
0
0.607421875
0.5078125
0.193359375
0.348632812
0.775390625
1.54199219
0.708007812
0
