1.90722656
1.921875
0.24609375
2.37109375
0.501953125
1.09960938
1.11328125
3.29199219
0
1.09765625
0
4.56445312
0.142578125
0.681640625
3.6640625
0
0
0
0
0
3.4140625
9.43554688
0
0
4.67382812
0
4.52246094
0
0
6.99121094
0
19.625
0
11.046875
13.4941406
10.1064453
28.3242188
15.5605469
0.546875
12.3955078
5.28320312
16.7734375
0
0
8.71777344
4.4921875
13.3886719
13.1708984
4.70214844
20.1582031
21.1669922
20.9111328
17.9609375
21.0634766
10.3955078
12.3398438
19.5517578
22.3710938
9.9765625
20.3320312
4.21386719
22.4785156
12.1289062
14.5390625
2.75292969
0
0
0
0
0
0
0
0
0
0
1.19921875
1.93945312
0
3.16113281
0.602539062
18.2060547
6.81152344
12.4169922
7.14550781
7.15039062
4.34082031
11.3037109
14.6259766
0.788085938
9.109375
1.03613281
17.1523438
12.9238281
8.10253906
16.5566406
0
0
0.786132812
0
0.256835938
5.21582031
4.91699219
0
0
2.41894531
0
2.79296875
0
3.22167969
3.75585938
0
6.62792969
10.7724609
16.2148438
14.9726562
16.9042969
10.2236328
9.97363281
9.58007812
10.7646484
10.0048828
9.69824219
6.37695312
9.8828125
7.37109375
11.9179688
9.54589844
6.671875
0.760742188
0
0
0
3.6640625
0.829101562
0
2.98339844
5.921875
2.38867188
4.921875
0
5.18554688
2.04003906
3.25585938
6.21289062
0.926757812
0
0
0
0
0
0
0
0
0
0
0
0
0
0
0
0
0
0
0
0
0
0
0
0
0
0
0
0
0
0
2.1640625
11.3027344
23.5908203
21.8828125
21.9580078
21.5947266
13.5009766
6.46191406
17.0800781
19.6914062
15.7929688
15.1064453
11.1308594
16.4013672
16.6914062
14.5253906
18.6015625
22.7597656
13.9785156
13.9560547
12.1064453
2.35742188
0
14.7070312
12.6210938
6.67773438
7.12011719
6.17773438
13.4208984
11.9013672
8.83398438
13.5478516
3.04589844
0
0
0
0
0
0
0
0
0
0
0
0
0
0
0
0
3.359375
2.49316406
6.60449219
6.56152344
11.9257812
9.93847656
9.60839844
10.7744141
6.421875
7.90234375
4.82617188
3.31933594
6.06152344
0.365234375
4.09960938
0
31.9990234
0
0.951171875
0
0
0
23.1826172
18.375
0
0
0
26.0527344
21.1591797
0
16.8974609
0
