0
0.142578125
0
0
0
0
0
0.0244140625
0.09765625
0
0.37890625
0
0
0.153320312
0.711914062
1.1796875
1.93164062
0.01171875
0
0
0.46484375
0
0
0
0
0
0
0
0
0
0
0
0
0
0
0.536132812
0.716796875
0.169921875
0.276367188
0.6328125
0.491210938
0.760742188
0.8671875
0.610351562
0.7734375
1.80664062
2.56347656
7.29394531
0
0
0
0
0
0
0
0
0
0
0
0
0
0
0
0
3.68847656
2.92675781
3.5625
3.94921875
4.29101562
4.83789062
5.02636719
5.16699219
5.58300781
5.79199219
6.62890625
8.11035156
8.46875
7.68945312
6.71289062
2.03222656
1.94824219
0
0.0380859375
0.118164062
0
0
0
0
0
0
0
0
0
0
0
0
0
0
0
0
0
0
0
0
0
0
0
0
0
0
0
6.70117188
0
0.580078125
0.637695312
0.57421875
0.802734375
0.697265625
0.979492188
1.18261719
1.33984375
1.46679688
1.65625
1.30761719
1.41894531
2.70117188
3.06640625
4.82421875
3.47265625
0.440429688
0.603515625
0.491210938
0.353515625
0.248046875
0
0
0
0
0
0.53515625
0.313476562
0
0
0
1.85742188
2.91015625
3.39355469
4.234375
4.75585938
5.55761719
6.29492188
6.81738281
7.10058594
7.62988281
7.74023438
8.33691406
10.4101562
11.6279297
11.5830078
16.4140625
3.39160156
2.94824219
3.60058594
4.18652344
5.109375
5.37597656
5.71289062
5.890625
6.40429688
6.52246094
7.35839844
8.88574219
9.54394531
8.73535156
7.77929688
5.36035156
1.87109375
0.103515625
0.376953125
0.759765625
0.729492188
0.588867188
0.401367188
0.3046875
0.478515625
0.62109375
1.38378906
1.97265625
2.109375
0.870117188
0.434570312
0
1.87597656
0.92578125
1.57226562
1.50195312
1.17675781
1.56445312
1.57519531
1.61035156
1.82714844
2.20996094
2.109375
2.8125
3.33691406
2.53710938
1.94628906
0
1.69335938
1.1328125
1.02441406
0.530273438
1.40429688
1.74902344
1.65625
1.42382812
1.38769531
1.05371094
0.266601562
0.729492188
0.779296875
0
0
0.327148438
0
0
0
0
0
0
0
0
0
0
0
0
0
0
0
0
0
0.375
0.377929688
0.275390625
0
0.161132812
0.243164062
0.296875
0.20703125
0.99609375
0.737304688
0
0.9296875
0.870117188
0.7109375
0.227539062
