0
0.221679688
0.3125
0.274414062
0
0.192382812
0.127929688
0
0
0.017578125
0
0.201171875
0.100585938
0
0.03515625
0.180664062
1.58203125
0
0.1484375
0.24609375
0.107421875
0.256835938
0.154296875
0.20703125
0.235351562
0
0.0478515625
0
0
0
0
0
0
0
0
0
0
0
0
0
0
0
0.133789062
0.04296875
0.180664062
0.237304688
0.119140625
2.61816406
0
0
0
0
0
0
0
0
0
0
0
0
0
0
0
0
1.91992188
1.01074219
1.00195312
1.38769531
1.47558594
1.54394531
2.06445312
2.43261719
2.51269531
2.73535156
2.84472656
3.05371094
3.43847656
3.65722656
4.12988281
1.73925781
0.916015625
0
0
0
0
0
0
0.05078125
0
0
0
0
0
0
0
0
0
0
0
0
0
0
0
0
0
0
0
0
0
0
0
2.95703125
0
0.453125
0.494140625
0.420898438
0.340820312
0.435546875
0.444335938
0.262695312
0.4921875
0.5625
0.620117188
0.7734375
0.71875
0.725585938
0.771484375
2.07226562
1.97363281
0
0
0.295898438
0.297851562
0.141601562
0.422851562
0.522460938
0.323242188
0.06640625
0.0048828125
0
0.0380859375
0
0.0439453125
0
1.14746094
1.71386719
1.65332031
1.46777344
1.81347656
1.890625
1.95507812
2.45996094
2.94042969
3.30957031
3.65722656
3.8671875
4.11523438
4.51367188
4.80273438
8.43554688
1.81933594
1.1640625
1.10351562
1.46289062
1.50292969
1.68359375
2.0625
2.45410156
2.796875
2.93847656
3.23535156
3.39746094
3.76660156
4.25488281
4.71386719
3.56738281
0.528320312
0
0
0
0
0
0
0
0
0
0
0
0
0.13671875
0.221679688
0
0.626953125
0.0791015625
0.0244140625
0.284179688
0.381835938
0.224609375
0.556640625
0.78515625
0.6875
0.764648438
0.758789062
0.869140625
1.07421875
1.03808594
1.14355469
0.099609375
2.08789062
1.89355469
1.72265625
1.72070312
1.64355469
1.62402344
1.60742188
1.50976562
1.6328125
1.54003906
1.6328125
1.59570312
1.4140625
1.60644531
1.81933594
2.39355469
0
0
0
0
0
0
0
0
0
0
0
0
0
0
0
0
0
0.3046875
0.215820312
0.0693359375
0.286132812
0.0078125
0.0703125
0.275390625
0
0.291015625
0.0439453125
0.185546875
0.286132812
0
0.013671875
1.2890625
