-8.66493806e-02
1.01449534e-01
-1.61367491e-01
-8.24687406e-02
1.05645277e-01
6.98269382e-02
3.75391036e-01
1.39389671e-02
3.27040143e-02
-8.05461407e-02
5.62435687e-02
-6.58464208e-02
-4.62441705e-02
3.91936395e-03
-6.10748008e-02
2.36427113e-02
-4.22030948e-02
-4.17197570e-02
-2.65313327e-01
2.63872027e-01
-4.08103876e-02
-1.77804939e-03
1.05430186e-01
7.95644671e-02
1.27817728e-02
4.91213873e-02
-1.66198120e-01
1.46120295e-01
-1.69388428e-02
6.27294779e-02
-1.35715872e-01
-8.85469541e-02
1.84458256e-01
-1.82139069e-01
-1.56122804e-01
1.09708577e-03
-2.79313862e-01
-7.61101693e-02
-3.89721990e-02
8.87610316e-02
4.02849801e-02
-9.39329565e-02
7.28745386e-02
-1.79741830e-02
-5.17663769e-02
6.89609423e-02
-1.82878673e-01
-1.48341060e-01
4.19191085e-02
1.43403202e-01
8.60418603e-02
-1.28235102e-01
1.70953218e-02
8.10997859e-02
-9.04170647e-02
1.84162781e-02
2.24747196e-01
9.70577598e-02
-4.78604771e-02
-1.65610895e-01
5.11871427e-02
3.53762329e-01
1.29990608e-01
1.27949625e-01
6.18116498e-01
2.50805616e-01
2.61412114e-01
-1.40273184e-01
1.56762183e-01
3.19444900e-03
1.02525823e-01
4.89103675e-01
-1.34934738e-01
2.21085206e-01
3.63824069e-01
-5.60714565e-02
3.03052098e-01
-1.10428609e-01
-3.03957283e-01
-1.55896619e-01
-2.75825083e-01
1.84121311e-01
-2.10421041e-01
1.59002423e-01
-1.16264619e-01
-3.01257949e-02
1.22691549e-01
3.97590175e-03
-3.36187720e-01
1.42309397e-01
-1.30382627e-02
1.19574532e-01
1.85129210e-01
-1.83281198e-01
1.61857396e-01
4.04073328e-01
1.30636975e-01
-9.54318494e-02
8.36803168e-02
-6.07318990e-02
-1.02671154e-01
-3.85700613e-02
1.59034673e-02
2.93703824e-01
-8.84038210e-02
-1.56385213e-01
-2.92906594e-02
-2.02523574e-01
-6.74830750e-03
-5.00261188e-02
1.36443496e-01
-6.15016297e-02
1.53733641e-02
1.09839007e-01
7.36354198e-03
2.54317839e-02
7.11445287e-02
7.73606002e-02
7.90915713e-02
1.68295205e-02
-1.05412304e-01
6.59656003e-02
2.18289737e-02
1.91749230e-01
-7.68394843e-02
-6.52952045e-02
5.27627878e-02
-5.33796363e-02
-2.55907956e-03
-1.98572561e-01
-6.05729446e-02
2.21895576e-02
1.16368964e-01
5.32298125e-02
2.07838073e-01
2.85071403e-01
-6.46590814e-02
-5.55023924e-02
2.77940869e-01
4.83489335e-02
-1.53552040e-01
8.52982029e-02
4.40936303e-03
-4.05313790e-01
-1.26791924e-01
1.64073929e-01
-1.64109260e-01
9.78938676e-03
-5.15843965e-02
6.19840547e-02
-9.53692123e-02
-2.67888531e-02
1.59584805e-01
-2.29769289e-01
3.99460904e-02
1.38761148e-01
-1.13442108e-01
-7.83064663e-02
-8.12653750e-02
-1.60843030e-01
6.98367953e-02
5.88071272e-02
3.22741926e-01
6.05537370e-02
7.86301717e-02
1.79147556e-01
2.85247743e-01
-4.34150398e-02
-1.39142033e-02
-1.63032278e-01
-9.04708207e-02
-1.07957467e-01
4.96493354e-02
-1.10561557e-01
-1.90345138e-01
2.56357640e-01
1.70125052e-01
9.69043523e-02
7.86251854e-03
1.04790747e-01
9.71577317e-02
2.36135438e-01
-4.82894629e-02
9.25143510e-02
-6.31066412e-02
8.28565732e-02
-1.46421492e-02
2.95447469e-01
3.26469867e-03
1.19522758e-01
7.31118992e-02
-9.16024670e-03
-1.13319702e-01
5.28156422e-02
-2.25655377e-01
-1.13836579e-01
1.21460184e-01
-1.66740775e-01
-2.00835809e-01
6.91841319e-02
-1.21519208e-01
1.89334288e-01
8.18903595e-02
-4.89511201e-03
2.36042365e-02
-5.98622188e-02
-7.26996735e-03
-1.37475803e-01
1.68081149e-01
4.50571179e-02
-5.60222752e-02
-3.63718793e-02
-2.95686424e-01
2.35055643e-03
-5.45026585e-02
2.60264687e-02
-1.55148178e-01
2.53298860e-02
-4.18696664e-02
-3.31797242e-01
-7.66557232e-02
8.78991485e-02
-2.50631839e-01
-1.10381097e-01
1.55141264e-01
-8.37746337e-02
1.87683627e-01
-7.84311593e-02
-8.06158409e-02
-4.65166233e-02
-1.92683414e-02
1.35554731e-01
-7.59450719e-02
-1.19844988e-01
1.52696166e-02
1.54120043e-01
2.78197299e-03
5.00093177e-02
-3.35914373e-01
5.84965721e-02
8.59412029e-02
3.84887271e-02
7.60589465e-02
-5.12676127e-02
-1.18888929e-01
-1.65721402e-01
-1.14112779e-01
-5.69963306e-02
6.13870770e-02
9.89682749e-02
-1.18510142e-01
-3.04797322e-01
5.16420342e-02
-1.24656133e-01
-7.34106228e-02
-5.80181135e-03
-5.28317466e-02
-1.84047315e-02
5.03277965e-02
2.16244776e-02
-6.89572394e-02
-1.44191846e-01
-1.44836649e-01
2.60473881e-02
-2.80456571e-03
-4.28063460e-02
-4.39937785e-02
4.61640991e-02
4.96352166e-02
6.65635467e-02
-3.45239565e-02
-7.66132772e-02
4.69606109e-02
4.18965816e-02
-4.85864095e-03
8.71247146e-03
-9.64031368e-02
-1.36084139e-01
2.69899759e-02
6.31085550e-03
3.42611894e-02
3.26379538e-02
-1.13657247e-02
-5.24016544e-02
-7.62526086e-03
-9.84300748e-02
1.27006425e-02
-1.44067127e-02
1.16987918e-02
-5.88966236e-02
-2.94936337e-02
-4.22620066e-02
-3.19816656e-02
5.79637773e-02
2.14052275e-02
2.22417459e-01
1.74994394e-02
1.57085046e-01
8.26537758e-02
7.03437477e-02
1.06118828e-01
5.68359233e-02
-6.39555184e-03
-2.38790780e-01
-1.61333472e-01
1.21344160e-02
-6.63371086e-02
2.22100362e-01
-2.35091783e-02
4.40876782e-02
1.57813113e-02
5.71316630e-02
1.17862783e-01
3.77048589e-02
1.51574127e-02
-4.29131761e-02
1.18139029e-01
1.58277433e-02
-7.91576803e-02
1.06677972e-01
-6.38478249e-03
5.81830647e-03
8.65135640e-02
-4.96408343e-02
1.07860573e-01
-1.46943495e-01
-6.81442544e-02
4.93307263e-02
-8.11474696e-02
-4.58389297e-02
7.00855628e-02
-2.45766312e-01
-2.59531103e-02
-3.14013362e-02
9.95749906e-02
-2.97917515e-01
4.03776467e-02
2.59475429e-02
-9.07264575e-02
-8.11630487e-02
-9.13666710e-02
1.05921188e-02
-2.16767356e-01
-4.49580029e-02
1.43417656e-01
-3.47553641e-02
-1.56957116e-02
6.95225671e-02
-4.86906171e-02
-7.27689266e-02
-1.33322507e-01
-8.88482258e-02
4.12286296e-02
-5.74888438e-02
8.60818177e-02
3.10546085e-02
-1.08274035e-01
-9.34521109e-02
-3.07564121e-02
1.66698545e-01
3.12576108e-02
-7.22969025e-02
7.94579983e-02
7.01362118e-02
-5.53149581e-02
-4.19461541e-02
5.14694527e-02
1.62689239e-01
8.89095366e-02
-6.41468838e-02
2.47662589e-02
-2.08140407e-02
3.10038659e-03
8.29198658e-02
1.15266107e-01
1.65489912e-02
-1.13471270e-01
-1.11434208e-02
-3.21846604e-02
-2.93245167e-01
-5.12284152e-02
-2.49769948e-02
-8.86821933e-03
-4.07033771e-01
3.79562378e-02
-2.07351491e-01
2.04643339e-01
-7.53226131e-02
-1.35799989e-01
-7.87663981e-02
-1.15772612e-01
1.77703112e-01
-6.95051327e-02
-5.17345890e-02
-1.30079146e-02
-4.64299284e-02
-4.58435751e-02
1.07408650e-01
1.32488608e-01
-6.79389015e-02
-8.60546455e-02
7.50445202e-03
-1.56595483e-02
-5.65322228e-02
8.59763250e-02
-7.41893649e-02
-6.77198246e-02
5.63187152e-02
-4.66220491e-02
1.67680725e-01
-5.81244119e-02
-8.22783485e-02
6.20984891e-03
-1.19961664e-01
-1.18112944e-01
-1.04890779e-01
-8.67418870e-02
-7.83460662e-02
-9.59183928e-03
5.23308218e-02
-1.62518322e-02
1.79047346e-01
1.18630752e-01
-2.41517164e-02
-1.45989731e-01
1.76678881e-01
8.96244422e-02
-3.01830441e-01
-8.09952468e-02
6.87197819e-02
-1.45006478e-01
3.05158645e-02
3.41124577e-03
2.01284409e-01
-1.33649390e-02
2.25375503e-01
6.65789247e-02
2.43138179e-01
-3.57264131e-01
-1.64218862e-02
1.24721147e-01
-1.41665963e-02
1.12490818e-01
5.35366535e-01
-3.16745043e-02
-1.60937235e-01
2.38420308e-01
1.24659784e-01
-1.11200185e-02
-8.12153667e-02
-1.33272856e-01
-6.67081773e-02
2.80780736e-02
2.22463459e-02
2.88723886e-01
1.22717232e-01
-1.14082098e-01
-1.25851780e-01
2.40848735e-02
7.53968209e-02
-1.63989477e-02
-2.17908576e-01
1.65310837e-02
-2.97271162e-01
-8.94586667e-02
-1.10951610e-01
-8.01289976e-02
8.97707790e-03
4.13980894e-02
-2.70936787e-02
-6.87573850e-03
2.86539849e-02
7.28222309e-03
-1.21048875e-02
9.76492763e-02
-1.67271923e-02
-3.35363336e-02
-1.13382980e-01
-1.38911501e-01
2.62537003e-02
-2.63177231e-02
-1.87639177e-01
1.76115125e-01
6.38240203e-03
-1.37397632e-01
1.46436617e-01
3.24711621e-01
3.33075672e-01
1.28859177e-01
1.05802864e-02
-5.24465032e-02
1.13328896e-01
4.70196605e-02
2.11515408e-02
-6.83451295e-02
-2.74784356e-01
1.28133923e-01
9.62785259e-02
-1.27270803e-01
-4.60173674e-02
5.28769195e-03
4.33007888e-02
-9.79607031e-02
-1.31066842e-02
-4.29270416e-01
4.55594547e-02
-1.30828068e-01
-1.17083259e-01
7.79847354e-02
-7.88143650e-02
-9.10681561e-02
-2.04422791e-02
9.96542424e-02
-8.74497816e-02
6.54133856e-02
6.29338473e-02
-1.51744157e-01
1.00165226e-01
-1.35350198e-01
1.48042440e-01
-2.37105768e-02
8.79611671e-02
2.48972610e-01
6.87308013e-02
-1.10059597e-01
3.61117244e-01
-3.32749933e-01
1.55628324e-01
-1.87210903e-01
9.12281126e-02
-1.34808719e-01
1.26641124e-01
1.24246322e-01
2.98942804e-01
-2.76087940e-01
-4.09928374e-02
1.52975805e-02
-5.89609817e-02
3.27863730e-02
-3.41222435e-01
-4.77795862e-02
9.42547619e-03
2.74317384e-01
-3.07896614e-01
1.86917856e-01
5.41766584e-02
2.28179857e-01
3.92695516e-03
1.20179325e-01
8.47278088e-02
1.48364946e-01
1.35277867e-01
1.05370224e-01
-8.14484339e-03
3.96295115e-02
1.37178853e-01
1.46012962e-01
-4.04064283e-02
-4.88849521e-01
-1.65882826e-01
1.27113312e-02
3.83723229e-02
-2.51543462e-01
1.38105497e-01
-2.39891499e-01
9.64286178e-02
-1.50845861e-02
1.61039725e-01
2.12186933e-01
4.09475975e-02
-7.11344704e-02
-3.88328172e-02
-3.76279727e-02
-7.29020219e-03
-5.36539443e-02
7.71332206e-03
-7.72329271e-02
5.28549664e-02
1.03335880e-01
5.94296269e-02
6.77258819e-02
1.71230942e-01
-1.49063736e-01
-9.66761932e-02
-1.10183463e-01
1.05340295e-02
9.90407243e-02
-1.94179267e-01
-5.67121170e-02
2.01793108e-02
-8.19155350e-02
-1.75800757e-03
1.60454527e-01
-3.62393036e-02
-7.23095313e-02
-4.57670353e-02
-3.85158360e-02
1.31728321e-01
3.56117147e-04
-6.96444418e-03
4.25116345e-02
-3.58712003e-02
9.14346799e-02
4.54160832e-02
-8.30756426e-02
1.99689660e-02
3.00871670e-01
-2.42231280e-01
-4.41819206e-02
-1.10715352e-01
5.89660928e-02
1.91920009e-02
1.56731993e-01
-6.96858251e-03
-5.68013266e-02
-2.28503153e-01
-1.85545176e-01
2.62230057e-02
3.20683360e-01
3.30437794e-02
-6.19999915e-02
1.14317074e-01
-1.62589744e-01
-5.47349080e-02
5.45513071e-02
2.70012766e-01
1.08094126e-01
-1.02935500e-01
5.81035158e-03
-1.81555614e-01
-1.97748616e-01
-8.52536187e-02
3.88110690e-02
-8.73037279e-02
1.50509253e-01
2.00570464e-01
-5.11191227e-02
-7.47098029e-02
5.37076313e-03
5.15493937e-02
9.95021220e-03
9.60260108e-02
-5.62696680e-02
1.73159167e-01
2.23921090e-01
2.67190009e-01
1.43166542e-01
2.45959610e-02
-6.38094023e-02
1.14100583e-01
2.43554100e-01
-1.30786046e-01
-1.05263166e-01
-2.28754982e-01
-2.13434011e-01
1.08382791e-01
1.71945721e-01
-1.19881131e-01
-2.04023689e-01
-4.98668943e-03
-3.99563238e-02
2.95192331e-01
1.37542486e-01
-8.10376778e-02
1.06925443e-01
-1.70393258e-01
9.96795744e-02
2.28527591e-01
-3.34805697e-02
1.05459571e-01
2.39022732e-01
-6.63662851e-02
-2.79368646e-02
1.53266132e-01
6.45153895e-02
3.52942981e-02
-2.38136062e-03
1.01206079e-01
5.92694320e-02
1.24831975e-01
6.09585382e-02
1.08016893e-01
1.21769115e-01
-2.30925828e-02
2.73030289e-02
8.59418586e-02
-3.90806571e-02
-7.81731009e-02
-2.64732842e-03
3.13051678e-02
-2.68390656e-01
1.78375080e-01
-4.75720204e-02
-4.39843312e-02
2.76097417e-01
3.45614254e-02
-9.27880928e-02
6.25325963e-02
-7.06772059e-02
-2.14776635e-01
-1.28666507e-02
-7.48948082e-02
8.56221989e-02
1.26414493e-01
-6.29361793e-02
8.73691440e-02
4.32166643e-02
1.18328920e-02
-1.75944641e-01
2.38201898e-02
-2.22960711e-01
-1.25000790e-01
4.29942012e-02
8.63542184e-02
-4.50112112e-02
1.69253528e-01
4.98014428e-02
2.19413966e-01
-1.31088272e-01
-9.94710028e-02
-1.58156320e-01
-2.07774311e-01
-1.82160717e-02
4.63319033e-01
-1.73820391e-01
2.33537510e-01
-9.76083577e-02
1.53629526e-01
1.31068170e-01
1.67047121e-02
1.28271757e-03
-2.49049127e-01
5.27909547e-02
-8.50247666e-02
-4.67027351e-02
-1.64897650e-01
3.03092211e-01
-2.24574041e-02
1.15703486e-01
-8.51655006e-02
-4.54620533e-02
-6.89269081e-02
-1.97935589e-02
1.09734543e-01
-6.33991435e-02
-1.31900862e-01
3.67611982e-02
-1.41206592e-01
3.65316421e-02
-2.18110792e-02
2.87493803e-02
-1.41428575e-01
6.25598952e-02
1.49030283e-01
-3.75168510e-02
-4.42860241e-04
-7.23376498e-02
2.49694730e-03
-1.92618787e-01
-7.78738633e-02
7.25453123e-02
8.04070383e-02
1.87882204e-02
2.39582822e-01
-4.26544957e-02
-1.64977722e-02
6.95707276e-02
-2.14045756e-02
-2.04135522e-01
-2.06868555e-02
1.02158368e-01
1.57527268e-01
2.90120691e-02
2.55759746e-01
2.25829761e-02
1.78261474e-01
-1.02267548e-01
3.22327912e-01
1.34478658e-01
-1.55640423e-01
-5.13118543e-02
7.94021338e-02
-6.09856173e-02
-4.01914626e-01
3.02447140e-01
-1.08324885e-01
4.73328233e-02
-7.33511383e-03
4.61245738e-02
-1.43037841e-01
-1.29210487e-01
-2.00109690e-01
-1.98733389e-01
-1.17626011e-01
4.40284573e-02
2.64396351e-02
3.08965109e-02
1.04314573e-01
7.65468851e-02
-2.11136818e-01
-7.82327130e-02
-1.66178480e-01
1.50355905e-01
-4.42081355e-02
9.19936821e-02
7.30068162e-02
-2.84747453e-03
2.52480000e-01
-9.12582576e-02
5.36705405e-02
9.05619487e-02
-2.29904316e-02
2.02013161e-02
-2.38021687e-02
-2.00681284e-01
-2.50913918e-01
-7.62119442e-02
-1.01099126e-01
-4.96632271e-02
-7.91243836e-02
8.63227546e-02
-7.53681213e-02
-2.31618017e-01
-4.32487540e-02
7.53604546e-02
-2.32639872e-02
-3.12661529e-02
-1.09343603e-01
-1.75334586e-04
3.56879570e-02
-1.69535667e-01
3.76934372e-02
-5.79803716e-03
-2.43614554e-01
1.13257237e-01
-9.63384137e-02
-1.76827922e-01
-6.98055625e-02
7.28748366e-02
2.78564721e-01
-1.60547271e-01
-6.91323578e-02
-7.04703033e-02
-2.84981370e-01
-3.40808406e-02
-6.06921464e-02
2.18267143e-02
-1.68580204e-01
1.93913147e-01
1.77151695e-01
6.93484098e-02
-6.55660331e-02
-3.33234444e-02
2.23895330e-02
1.48777571e-02
4.47471552e-02
2.76384316e-02
1.68012381e-01
2.14045011e-02
1.02161855e-01
-7.00214654e-02
-4.22951952e-02
4.34036851e-02
3.28756571e-02
-6.66674273e-03
4.53846641e-02
6.17084391e-02
-5.85579611e-02
-5.20347338e-03
-1.84744224e-02
-1.59000233e-01
4.44952697e-02
7.61898607e-02
-1.86441708e-02
-7.95152560e-02
1.43863514e-01
7.36116692e-02
2.37733930e-01
-2.05926910e-01
6.81814402e-02
-1.53032467e-01
-3.59163024e-02
-1.20616041e-01
7.53848478e-02
-1.11641228e-01
-8.91220421e-02
-1.12984635e-01
4.89629619e-02
7.08360076e-02
5.79848960e-02
-6.96194842e-02
-2.83841461e-01
3.81802209e-02
-7.51628503e-02
-9.98391137e-02
3.56285064e-03
4.92003001e-02
-4.36873734e-01
2.49384597e-01
-6.14752211e-02
-1.26343861e-01
-2.00068757e-01
-1.41367733e-01
1.80624053e-01
-1.41814530e-01
-1.89423352e-01
-8.20636228e-02
-1.42894685e-01
3.23430188e-02
4.24742736e-02
1.61883757e-01
-4.09208909e-02
2.82997172e-02
1.71917111e-01
8.28515664e-02
4.28179651e-03
1.28357247e-01
-9.29139107e-02
-7.48536065e-02
1.73582342e-02
-2.86503881e-01
2.16184005e-01
-4.24730107e-02
7.33680800e-02
-1.02984063e-01
-9.90981981e-02
-6.64680451e-02
-1.20493129e-01
5.50036654e-02
-1.48929469e-02
5.75384460e-02
4.28828597e-02
-1.48696423e-01
6.14980832e-02
-1.49574161e-01
1.67905644e-01
6.34175092e-02
-1.38579026e-01
4.40834090e-02
2.47836728e-02
7.89077133e-02
1.60124511e-01
1.50161996e-01
-1.53573483e-01
-1.19097814e-01
1.98884755e-02
6.01143874e-02
3.19784343e-01
-1.55577166e-02
-6.78240880e-02
3.21855210e-02
6.91891983e-02
9.50505808e-02
2.77388245e-02
6.38376549e-02
2.27043942e-01
4.87153679e-02
-6.05731159e-02
8.36763754e-02
-7.77691230e-02
-2.30976567e-02
2.61954544e-03
1.18153349e-01
-1.61063373e-02
-1.78950708e-02
1.70838069e-02
-3.36908549e-02
1.88984677e-01
-7.99068809e-02
-3.30364592e-02
-4.11642082e-02
-3.86629328e-02
6.28349110e-02
-1.33513287e-01
9.95024592e-02
-6.19182587e-02
1.04697086e-01
-3.43508273e-02
1.40690915e-02
-1.05011426e-01
-6.17717393e-03
1.11879483e-01
4.82032858e-02
7.53414109e-02
-2.10069492e-01
2.19008364e-02
6.12937920e-02
-5.79805067e-03
-2.44703218e-02
-2.57099904e-02
-5.01433797e-02
-4.83228341e-02
-3.55287045e-02
-1.68070570e-02
1.01396859e-01
-3.69243734e-02
-1.19711056e-01
7.37580657e-02
2.12950222e-02
1.36606470e-01
1.70927584e-01
4.46716733e-02
-4.01754044e-02
1.91579327e-01
1.25174150e-01
1.44740179e-01
-1.87412918e-01
-5.65787368e-02
-1.79942831e-01
-1.30958539e-02
-1.00368425e-01
2.25710258e-01
-1.56076699e-02
-1.08650498e-01
2.16390397e-02
3.73860486e-02
-1.71653926e-01
1.48188666e-01
-5.60574383e-02
-1.70991316e-01
1.41478494e-01
-4.24426571e-02
-1.35100394e-01
2.66363230e-02
