0
0.331054688
0.236328125
0.5
1.56054688
0
0
2.07910156
0
0
0
0
4.16601562
0
0.65234375
6.19628906
1.71972656
5.45703125
0
0
0.184570312
0
0
0
0
0
0
0
2.76269531
0
0
2.83105469
0
0
0.362304688
0.611328125
2.11425781
0
0
0
0
0
0
0
4.72753906
0
1.23535156
3.52929688
0
2.48632812
0
0
0
0
0
0
0
0
0
0
0
0
0
0
0
0
0
2.12207031
2.4375
0
0
0
0
0
0
0
6.07421875
0
0
2.7265625
0
2.86035156
0
0
0
0
0.0322265625
0
0
0
0
0
0
0
0
0
0
0
0
1.35058594
1.43945312
0
0
0
0
0
0
0
6.65527344
0
0.0078125
2.36425781
0
1.40234375
0
0
0
0
0
0
0
0
0
0
0
0
0
0
0
0
0
1.55566406
0.838867188
0
0
0
0
0
0
0
7.46972656
0
2.0390625
2.72460938
0
1.21972656
0
0
0
0
0
0
0
0
0
0
0
0
0
0
0
0
0.411132812
1.83496094
1.96679688
0
0
0
0
0
0
0
10.0087891
0
2.02148438
5.52734375
0
3.91796875
0
0
0
0
0
0
0
0
0.3984375
0
0
0
0
0
0
0
0
0
0
0
0
0
0
0
0
0
9.07714844
0
2.95410156
3.33007812
0
2.11914062
0
0
0
0
0
0
0
0
1.5
0
0
0
0
0
0
0
0
0
0.591796875
0
0
0
7.97070312
0
7.64257812
0
1.38769531
0
2.23242188
0
0
0
0
0
3.23046875
0
0.166992188
0
0
0
3.1328125
0
0
0
0
0.571289062
