1.90625
0.127929688
1.37792969
0.390625
2.78320312
0
0
1.33691406
0
0
1.3515625
1.2109375
0.264648438
4.97363281
0.337890625
2.01367188
0
0.120117188
0
2.76171875
5.25195312
2.69042969
0
0.651367188
0
2.20703125
0
0
0
0.0126953125
0
0
3.35839844
0
1.80957031
3.34179688
0
0
0
0
0
0
0
2.40429688
0.293945312
2.7890625
2.73730469
0
0
0
0
3.87011719
2.07421875
0
0.168945312
2.59667969
1.06542969
3.67578125
0
1.7734375
0.53125
0
0
2.54296875
1.84570312
0
0.676757812
0
0.765625
0
0
0
0.135742188
0.301757812
0
1.765625
0.319335938
0.90625
3.60449219
0.0830078125
0
0
0
0.90234375
0.373046875
1.01464844
0
1.31542969
0.760742188
0.635742188
0
1.36816406
1.37011719
0
0
1.97363281
0.408203125
0.174804688
0
0
1.67773438
0
0
0
0
0
0
0
0
0
1.27636719
0.168945312
0
0.727539062
0
0
0.784179688
1.72265625
0.0703125
0.052734375
0
1.04589844
0.0068359375
0
1.08984375
0.3203125
0
0.776367188
0
0.095703125
0
0
0
1.5546875
0
0.327148438
1.61230469
1.82226562
3.25878906
0
0
0
1.61425781
0
0
0
0
0
0.333007812
1.48730469
0
0.0107421875
0
1.63964844
0
0
0
0
0
1.61523438
2.93652344
0
0.908203125
0.455078125
0
0
0
0
0.486328125
0.818359375
0.66015625
2.87402344
0.478515625
1.70800781
0.328125
1.33789062
0
0
0
2.39550781
0
1.05566406
0.2421875
1.78710938
0.555664062
3.47167969
0
0
0.736328125
1.09960938
0
0.904296875
0.440429688
0.28125
0
0
0
0
0
1.47070312
0
0
1.27929688
0.100585938
0
0.344726562
2.82324219
0
0.07421875
0
0
0
2.51660156
0.163085938
0
0
0
1.74316406
0
2.32519531
2.11816406
0
0
2.40429688
3.05664062
0.140625
1.38964844
0
0.250976562
0
0
0
0
0
0
2.70019531
0.170898438
0.876953125
0.806640625
1.15917969
0.172851562
1.02246094
0
2.64453125
4.74707031
0.991210938
0.345703125
1.66894531
1.31445312
1.109375
0.166992188
0.737304688
3.4921875
0.31640625
0.12109375
0
