0
1.54785156
0.0185546875
1.10742188
2.01269531
0
0
1.50292969
0
0
0
0
1.92089844
0
0
2.18359375
0.4296875
2.9453125
0
0
1.11523438
0
0
1.578125
0
0
0
0
0.745117188
0
0
2.15039062
0
0
1
1.578125
1.34277344
0
0
0
0.55078125
0
0
0
1.68066406
0
0
0.743164062
0
0.85546875
0
0
0
0
0.271484375
1.35351562
0
0
0
0
0
0
0
0
0
0
0.836914062
1.421875
1.609375
0
0
0
0
0
0
0
1.95703125
0
0
1.29101562
0
1.07714844
0
0
0
0
0.0537109375
0.578125
0
0
0
0
0
0
0
0
0
0
1.08886719
1.62207031
1.7421875
0
0
0
0
0
0
0
2.92382812
0
0
2.03808594
0
1.58496094
0
0
0
0
0
0
0
0
0
0
0
0
0
0
0
0
0.321289062
1.30175781
1.50390625
0
0
0
0
0
0
0
3.47363281
0
0
1.73144531
0
1.34179688
0
0
0
0
0
0
0
0
0
0
0
0
0
0
0
0
0.416992188
1.52246094
1.47949219
0
0
0
0
0
0
0
4.00585938
0
0
1.65136719
0
0.731445312
0
0
0
0
0
0
0
0
0
0
0
0
0
0
0
0
0.427734375
1.71191406
2.10742188
0
0
0
0
0
0
0
4.9375
0
0
2.12597656
0
1.25488281
0
0
0
0
0.12109375
0
0
0
0
0
0
0
0
0
0
0
0
0.9296875
2.01074219
0
0
0
1.74511719
0
2.79589844
0
2.17480469
0
0.524414062
0
0
0
0
0
3.015625
0
0
0
0
0
0
0
0
0
0
0
