8.26269531
0
0
0
0
0
0
14.7880859
0
0
0.6796875
0
0
12.1933594
31.9990234
0
5.30957031
0
0
0
0
10.34375
0
0
0
0
17.9228516
0
0
0
13.0751953
0
0
0
0
0.155273438
0
0
0
0
0
0
2.44628906
0
0
0
31.9990234
0
0
0
0
1.39257812
0
2.88574219
0
0
0
1.18945312
31.9990234
0
0
7.38183594
13.2197266
0
0.7578125
0
0
28.9853516
0
0
0
0
7.06933594
0
6.21777344
0
0
0
31.9990234
0
0
2.49316406
0
10.1113281
0
0
0
0
0
10.8896484
22.8955078
0
0
19.3369141
2.74414062
0
3.41210938
0
0
16.6826172
0
0
0
0
0
0
0
0
6.20898438
0
31.9990234
0
0
0
0
0
0
2.68554688
0
0
0
0
3.69238281
0
3.92871094
0
0
0
0
0
0
0.126953125
0
0
0
0
0
0
0
0
0
0
31.9990234
0
0
5.40722656
0
2.13769531
0
0.444335938
0
0
0
2.28125
14.2646484
0
9.47949219
6.28125
12.9482422
0
9.34472656
0
0
21.4628906
0
0
0
0
1.453125
0
0
0
1.62402344
0
31.9990234
0
0
0
0
3.87109375
0
0
0
0
0
0
16.8164062
3.4296875
5.58691406
0
2.07421875
0
1.81347656
0
0
7.58007812
0
0
0
0
0
0
0
2.88867188
3.76367188
0
31.9990234
0
0
0
0
1.02734375
0
4.00683594
0
0
0
1.328125
11.4189453
0.505859375
15.4746094
0
10.7109375
0
0.9375
0
0
4.24707031
0
0
0
0
1.29394531
0
0
0
0.46484375
0
31.9990234
0
0
20.7695312
0
0.778320312
0
2.83984375
1.07714844
0
0
12.5859375
15.0576172
0
19.8232422
9.13769531
13.0527344
0
