2.31912880e+01
0.00000000e+00
0.00000000e+00
3.09084015e+01
0.00000000e+00
0.00000000e+00
0.00000000e+00
2.29325714e+01
1.39015102e+01
2.48739281e+01
0.00000000e+00
0.00000000e+00
0.00000000e+00
4.35553856e+01
2.22548904e+02
0.00000000e+00
1.84570160e+01
0.00000000e+00
0.00000000e+00
3.56924667e+01
0.00000000e+00
4.97210236e+01
5.69571400e+00
0.00000000e+00
0.00000000e+00
9.13046799e+01
5.59013863e+01
0.00000000e+00
0.00000000e+00
0.00000000e+00
0.00000000e+00
0.00000000e+00
1.62175217e+01
0.00000000e+00
0.00000000e+00
4.17870369e+01
0.00000000e+00
0.00000000e+00
0.00000000e+00
0.00000000e+00
2.20627136e+01
1.82644863e+01
0.00000000e+00
0.00000000e+00
0.00000000e+00
0.00000000e+00
1.45978989e+02
0.00000000e+00
0.00000000e+00
1.23122835e+01
0.00000000e+00
1.10479469e+01
0.00000000e+00
0.00000000e+00
0.00000000e+00
0.00000000e+00
0.00000000e+00
5.46271248e+01
8.78547897e+01
0.00000000e+00
1.60150776e+01
3.86959076e+01
1.35718689e+01
0.00000000e+00
3.43960609e+01
0.00000000e+00
0.00000000e+00
7.92646561e+01
0.00000000e+00
0.00000000e+00
0.00000000e+00
0.00000000e+00
8.93210888e+00
7.18815327e+00
2.43935180e+00
0.00000000e+00
0.00000000e+00
0.00000000e+00
1.67684952e+02
0.00000000e+00
0.00000000e+00
8.21578217e+00
0.00000000e+00
1.59349232e+01
0.00000000e+00
0.00000000e+00
2.53442693e+00
0.00000000e+00
1.86662312e+01
2.52852287e+01
3.51523590e+01
0.00000000e+00
0.00000000e+00
4.81627235e+01
4.56636238e+00
0.00000000e+00
3.46905327e+01
0.00000000e+00
0.00000000e+00
4.97105103e+01
5.64732742e+01
0.00000000e+00
0.00000000e+00
0.00000000e+00
0.00000000e+00
9.30380726e+00
0.00000000e+00
0.00000000e+00
1.12553949e+01
1.46264493e+00
2.10475830e+02
0.00000000e+00
0.00000000e+00
7.73059177e+00
0.00000000e+00
3.09800982e-01
0.00000000e+00
7.56339417e+01
1.92003965e+00
0.00000000e+00
1.71402626e+01
1.00081167e+01
9.59979534e+00
1.95423603e-01
1.59537201e+01
0.00000000e+00
0.00000000e+00
0.00000000e+00
0.00000000e+00
3.70766563e+01
0.00000000e+00
4.58848534e+01
0.00000000e+00
0.00000000e+00
0.00000000e+00
0.00000000e+00
9.81490135e+00
5.02167130e+00
0.00000000e+00
0.00000000e+00
0.00000000e+00
0.00000000e+00
1.21404846e+02
0.00000000e+00
0.00000000e+00
5.16701584e+01
0.00000000e+00
1.72485771e+01
0.00000000e+00
0.00000000e+00
1.52627831e+01
0.00000000e+00
0.00000000e+00
5.09732590e+01
2.17184181e+01
0.00000000e+00
3.48637581e+01
6.95167847e+01
2.21781178e+01
0.00000000e+00
1.02656279e+01
0.00000000e+00
0.00000000e+00
3.99135551e+01
0.00000000e+00
0.00000000e+00
0.00000000e+00
0.00000000e+00
1.34390831e+01
0.00000000e+00
0.00000000e+00
0.00000000e+00
1.42484713e+00
0.00000000e+00
6.18217583e+01
0.00000000e+00
0.00000000e+00
8.57495010e-01
0.00000000e+00
3.64609456e+00
0.00000000e+00
0.00000000e+00
0.00000000e+00
0.00000000e+00
0.00000000e+00
0.00000000e+00
1.93816986e+01
3.70791078e+00
1.01265030e+01
1.03179336e+00
4.91679955e+00
2.72388244e+00
1.44718885e+00
0.00000000e+00
0.00000000e+00
8.88369465e+00
0.00000000e+00
0.00000000e+00
0.00000000e+00
0.00000000e+00
0.00000000e+00
0.00000000e+00
0.00000000e+00
3.10161924e+00
3.59993601e+00
0.00000000e+00
5.98952446e+01
0.00000000e+00
0.00000000e+00
4.26627755e-01
0.00000000e+00
2.09741354e+00
0.00000000e+00
5.89193630e+00
0.00000000e+00
0.00000000e+00
0.00000000e+00
3.52170682e+00
1.14413834e+01
0.00000000e+00
1.52227154e+01
0.00000000e+00
9.96660137e+00
0.00000000e+00
6.06765509e-01
0.00000000e+00
0.00000000e+00
4.15303516e+00
0.00000000e+00
0.00000000e+00
0.00000000e+00
0.00000000e+00
1.17545092e+00
0.00000000e+00
0.00000000e+00
0.00000000e+00
5.91951072e-01
0.00000000e+00
3.63764153e+01
0.00000000e+00
0.00000000e+00
2.12425308e+01
0.00000000e+00
1.14160323e+00
0.00000000e+00
2.43325615e+00
1.34705949e+00
0.00000000e+00
0.00000000e+00
1.29483471e+01
1.46543703e+01
0.00000000e+00
1.98747139e+01
9.49711132e+00
1.31227360e+01
0.00000000e+00
