3.04717094e-01
-1.03998411e+00
7.50451207e-01
9.40564692e-01
-1.95103514e+00
-1.30217946e+00
1.27840400e-01
-3.16242605e-01
-1.68011580e-02
-8.53043914e-01
8.79397988e-01
7.77791917e-01
6.60306960e-02
1.12724125e+00
4.67509329e-01
-8.59292448e-01
3.68750781e-01
-9.58882630e-01
8.78450274e-01
-4.99259122e-02
-1.84862360e-01
-6.80929542e-01
1.22254133e+00
-1.54529482e-01
-4.28327829e-01
-3.52133542e-01
5.32309175e-01
3.65444064e-01
4.12732601e-01
4.30821002e-01
2.14164758e+00
-4.06415015e-01
-5.12242734e-01
-8.13772738e-01
6.15979433e-01
1.12897229e+00
-1.13947459e-01
-8.40156496e-01
-8.24481189e-01
6.50592804e-01
7.43254185e-01
5.43154240e-01
-6.65509701e-01
2.32161328e-01
1.16685808e-01
2.18688592e-01
8.71428788e-01
2.23595545e-01
6.78913534e-01
6.75790682e-02
2.89119393e-01
6.31288230e-01
-1.45715582e+00
-3.19671214e-01
-4.70372647e-01
-6.38877869e-01
-2.75142252e-01
1.49494135e+00
-8.65831137e-01
9.68278348e-01
-1.68286979e+00
-3.34885031e-01
1.62753060e-01
5.86222351e-01
