1.77352142e+01
-2.38611126e+01
-1.13126364e+01
1.58944836e+01
-9.66325223e-01
-1.24606323e+01
-6.56064320e+00
2.29797697e+00
5.09050941e+00
-1.00498009e+01
-3.58621264e+00
8.31927657e-01
1.12323308e+00
-4.52278376e-01
2.57601681e+01
-1.03595181e+01
-1.70937805e+01
-5.98329115e+00
-8.73253644e-01
1.11299706e+00
-5.12318754e+00
-2.05445123e+00
-1.81746691e-01
4.83846331e+00
7.05509365e-01
-5.85433054e+00
-3.80217862e+00
6.45681918e-01
3.92324829e+00
-4.50639606e-01
-6.90902090e+00
-3.52741909e+00
-7.05315704e+01
-3.13751564e+01
-1.54957733e+01
-1.55174837e+01
-4.62468758e+01
-1.28846521e+01
2.24683132e+01
-6.65858746e+00
-6.17382336e+00
-3.14783484e-01
1.58714733e+01
1.28229933e+01
-1.17032776e+01
-9.20471115e+01
-6.97450333e+01
-3.84436150e+01
1.00805902e+01
5.41943398e+01
1.04198542e+01
-3.43020344e+00
-3.97494972e-01
4.54379320e+00
-1.31335602e+01
-2.92481155e+01
-1.88273392e+01
-2.45803261e+00
8.23964882e+00
-8.50510216e+00
-2.36237965e+01
-1.08081093e+01
6.29424810e+00
2.00889721e+01
6.96679993e+01
-3.10723953e+01
-4.71637993e+01
1.00558792e+02
4.06559830e+01
-1.50489235e+01
3.15629406e+01
3.24414520e+01
4.77874641e+01
8.99301648e-01
3.89382362e+00
3.24434624e+01
5.50229311e-01
-8.98531418e+01
4.20249252e+01
2.68276634e+01
-3.21534042e+01
6.58488159e+01
3.50088882e+01
1.67705669e+01
-8.48265886e-01
-6.30543709e-01
-4.34278917e+00
-2.56756806e+00
1.10332546e+01
-2.21943712e+00
4.49720478e+00
4.84769678e+00
5.78960371e+00
1.32487030e+01
7.90875554e-02
1.39198799e+01
1.41848981e-01
-5.71579599e+00
5.10188904e+01
8.74264374e+01
2.00430145e+01
3.06506371e+00
5.35251617e+01
5.33924255e+01
1.91972580e+01
1.04990177e+01
1.85102501e+01
3.37399940e+01
1.03980513e+01
2.85410519e+01
1.51213045e+01
9.39323044e+00
1.45013237e+00
6.89970551e+01
4.21137505e+01
8.50833988e+00
6.92327738e+00
9.97183037e+00
2.05914154e+01
9.46604729e+00
4.06983662e+00
3.43693256e+00
1.80910950e+01
2.45357723e+01
1.20967674e+01
1.91697073e+00
4.75962877e+00
1.50877218e+01
1.30117121e+01
5.81612968e+00
-5.42712355e+00
-8.97361565e+00
2.63751459e+00
1.61357844e+00
-1.13438358e+01
-9.94419384e+00
-2.34096169e+00
-4.19292402e+00
-6.63419676e+00
-1.00656910e+01
-4.51030540e+00
-3.73130083e+00
7.23990345e+00
3.19154525e+00
1.49365509e+00
-1.43563614e+01
-8.13048172e+00
-6.11632884e-01
-1.71770716e+00
-2.31737804e+00
-3.47817349e+00
1.31155276e+00
2.26777577e+00
5.61728835e-01
-3.13579226e+00
-3.17200232e+00
1.46611130e+00
3.15136862e+00
6.11926138e-01
-2.34402657e+00
5.38209419e+01
-4.94796181e+00
-1.79939690e+01
3.62850380e+01
3.31432991e+01
-1.22372265e+01
-1.28803701e+01
1.14262247e+01
1.40561924e+01
-3.17408085e+00
-1.26033964e+01
3.92759633e+00
8.68319416e+00
3.35054474e+01
5.08410759e+01
2.78922596e+01
-2.83555126e+01
-1.35026045e+01
8.45444679e+00
8.36656761e+00
1.03767765e+00
-2.52102900e+00
1.00765238e+01
1.82863159e+01
1.39731026e+01
-1.97615755e+00
-5.03281641e+00
8.27458763e+00
1.68371391e+01
8.90950966e+00
-6.13296938e+00
-9.13309956e+00
-7.31909561e+01
2.26339283e+01
2.98611813e+01
-6.08103752e+01
-3.51744843e+01
1.68368740e+01
6.98686552e+00
-1.46701469e+01
-2.57962627e+01
9.05812931e+00
1.08281841e+01
-8.16215801e+00
-4.98214579e+00
3.84876680e+00
-6.70582657e+01
-2.18963127e+01
3.36259575e+01
-2.23924303e+00
-1.27597008e+01
-1.20117874e+01
2.40530825e+00
2.78660679e+00
-4.72962761e+00
-1.62235508e+01
-1.49464874e+01
3.96496868e+00
4.52764177e+00
-6.78092957e+00
-1.68853302e+01
-1.18221560e+01
6.91840839e+00
3.88495827e+00
1.46163063e+01
2.23187943e+01
4.90890846e+01
3.86848145e+01
1.98732433e+01
2.38503342e+01
3.06570168e+01
2.67066898e+01
1.11488600e+01
1.03569508e+01
1.31298666e+01
1.01112413e+01
6.16090775e+00
3.06568680e+01
2.00784473e+01
1.29980364e+01
2.17921562e+01
2.34060078e+01
1.30752411e+01
4.16417694e+00
4.66457748e+00
6.36363697e+00
1.01498508e+01
9.34505749e+00
6.28725195e+00
7.67161846e+00
1.10066614e+01
1.24410000e+01
9.54643631e+00
5.12994909e+00
6.55754280e+00
6.75447607e+00
-5.16623974e+00
1.61728687e+01
-1.18367004e+00
-1.72311611e+01
4.17005271e-02
8.60153866e+00
-9.80282068e-01
-7.09776783e+00
-1.20514238e+00
6.48368502e+00
2.11290097e+00
-2.63700247e+00
-7.11453676e-01
-9.13730431e+00
-1.10242100e+01
1.09734783e+01
1.59423332e+01
1.58468151e+00
-9.62619662e-01
2.39345098e+00
4.93549585e+00
2.61023736e+00
-1.57606411e+00
-2.43545651e+00
2.01897264e+00
5.65410376e+00
2.21536040e+00
-2.27659059e+00
-1.94976425e+00
3.37733722e+00
6.29493856e+00
2.75388861e+00
4.97528410e+00
3.64202499e+00
-2.97299600e+00
-3.61025286e+00
1.33008075e+00
1.60247552e+00
-3.67841315e+00
-5.76644230e+00
-2.95736074e+00
-3.76295137e+00
-5.20819616e+00
-6.99343872e+00
-6.26282406e+00
-1.06491299e+01
-5.00577688e+00
-3.70584273e+00
-3.95655847e+00
-8.71331692e+00
-7.76263857e+00
-4.66052866e+00
-4.42139721e+00
-4.43803263e+00
-5.44938517e+00
-3.79217505e+00
-2.02270532e+00
-1.74065864e+00
-3.04997158e+00
-3.94607663e+00
-2.48875332e+00
-5.88960350e-01
-8.40609133e-01
-1.26411617e+00
-5.80062752e+01
-2.61802464e+01
-2.28938828e+01
-1.28436594e+01
-2.76458817e+01
-3.43613358e+01
-4.12132072e+00
-5.26389360e+00
-2.09522018e+01
-8.54213715e+00
-1.10894251e+01
2.92866898e+00
-1.07051926e+01
-2.01107101e+01
-6.39696350e+01
-2.40145969e+01
-3.34154968e+01
1.33417320e+01
5.99685431e+00
-1.18247976e+01
-4.80867720e+00
-6.36528206e+00
-1.73148751e+00
-1.71270351e+01
-1.61902637e+01
-1.08973379e+01
-2.81438541e+00
-1.54782510e+00
-1.30235157e+01
-1.35106201e+01
-4.28322124e+00
2.47579503e+00
2.70556145e+01
6.08571663e+01
4.08723488e+01
5.04847412e+01
4.94388046e+01
3.80055885e+01
4.67910500e+01
3.50058784e+01
2.32503242e+01
2.97833862e+01
1.44625454e+01
1.95863972e+01
6.45803833e+00
8.18701363e+00
2.05487657e+00
5.95696945e+01
3.39853516e+01
5.07044144e+01
2.87358475e+01
1.09822893e+01
1.51075850e+01
8.15800667e+00
1.11583738e+01
4.51454782e+00
1.44709330e+01
1.79528751e+01
1.70751591e+01
1.44168100e+01
9.52876186e+00
1.49936323e+01
1.85811367e+01
1.38094072e+01
2.75027828e+01
4.07053185e+01
1.90284576e+01
6.12800837e+00
3.40682335e+01
1.38524590e+01
-4.51586819e+00
8.68924904e+00
1.42977387e-01
1.01625376e+01
-8.65394688e+00
-4.29341364e+00
7.00283384e+00
6.33321342e+01
1.76908932e+01
3.94383392e+01
2.01974773e+00
-2.04449482e+01
1.49970162e+00
1.83909011e+00
6.17857695e+00
-9.93409514e-01
1.22243690e+01
1.49413719e+01
1.19229536e+01
6.43239355e+00
-2.70209372e-01
8.81575108e+00
1.34066238e+01
7.71895790e+00
2.85460734e+00
-8.33834457e+00
-1.99017960e+02
-1.84928741e+02
-1.73496948e+02
-1.83588104e+02
-1.80038208e+02
-1.55095825e+02
-1.24045784e+02
-1.09596291e+02
-9.65039444e+01
-7.58888626e+01
-5.19688416e+01
-3.87102737e+01
-3.60215416e+01
-1.00392166e+02
-1.64076538e+02
-1.74961884e+02
-1.32808533e+02
-8.78554993e+01
-5.74519882e+01
-4.59654312e+01
-3.82603798e+01
-2.96944561e+01
-3.78937492e+01
-5.71125641e+01
-6.77318268e+01
-5.91456337e+01
-4.62156143e+01
-4.73949661e+01
-5.98593636e+01
-6.14681931e+01
-4.64889412e+01
-2.51940899e+01
1.95258980e+01
1.21137917e+00
-1.88374825e+01
1.20439425e+01
1.63339233e+01
8.19283128e-01
3.24629879e+00
7.54232025e+00
1.52187243e+01
8.98243046e+00
3.96981525e+00
1.16980066e+01
9.60834885e+00
-5.42465544e+00
1.52265625e+01
2.08810101e+01
-4.30074835e+00
7.10037422e+00
8.45178890e+00
7.90996361e+00
4.83026981e+00
1.85576248e+00
1.96200919e+00
3.03497910e+00
6.55176067e+00
2.05593967e+00
-1.94529489e-01
4.77410734e-01
2.37000036e+00
4.17961311e+00
-7.57896423e-01
-1.58445489e+00
9.82657471e+01
4.61592484e+01
-8.15694656e+01
-1.08078979e+02
4.15653000e+01
-4.89189768e+00
-1.21786743e+02
-6.86646118e+01
-1.96999798e+01
-1.35451851e+01
-5.84062042e+01
-6.21372452e+01
5.95982456e+00
9.74652786e+01
7.12320786e+01
5.55924416e+01
-3.91310501e+01
-1.81172638e+02
-6.92644196e+01
-5.47364807e+00
-6.74143219e+00
-2.32176857e+01
-6.93712234e+00
2.89631138e+01
2.25840034e+01
-4.67846870e+00
-4.22170906e+01
-2.23651066e+01
1.71507416e+01
1.21110706e+01
-1.94679108e+01
-5.60397682e+01
