-5.69813192e-01
-5.98808348e-01
-5.34330130e-01
-2.94069141e-01
-2.49578714e-01
-5.74195385e-01
-2.11917847e-01
5.10815024e-01
-3.24327499e-01
-6.83934391e-01
-5.05150378e-01
-6.06570423e-01
-5.80021799e-01
-4.87206250e-01
-4.64260489e-01
-4.40880507e-01
-3.06148589e-01
-4.93411601e-01
-5.27418375e-01
-6.88710883e-02
-6.29468262e-02
3.20868224e-01
-3.69248301e-04
-5.46587050e-01
2.48687752e-02
-2.24626679e-02
-4.59338948e-02
6.64344907e-01
4.67775106e-01
5.72254479e-01
6.95435166e-01
3.99164468e-01
2.26918650e+00
2.35987997e+00
2.48766160e+00
2.67374349e+00
2.90582442e+00
3.21877646e+00
3.53317213e+00
3.77393270e+00
3.99550986e+00
4.25624275e+00
4.55967045e+00
4.85972309e+00
5.07936716e+00
5.28246737e+00
5.48051310e+00
5.62086821e+00
5.72849751e+00
5.90403461e+00
6.17516947e+00
6.35931492e+00
6.36415434e+00
6.62080574e+00
7.04373407e+00
7.59968996e+00
8.26514912e+00
8.80682182e+00
8.97034073e+00
8.82261562e+00
8.62437344e+00
8.38454914e+00
8.14098930e+00
7.99242115e+00
