0.00000000e+00
1.42576009e-01
0.00000000e+00
0.00000000e+00
0.00000000e+00
0.00000000e+00
0.00000000e+00
2.45920792e-02
9.80059355e-02
0.00000000e+00
3.79391551e-01
0.00000000e+00
0.00000000e+00
1.53500423e-01
7.12208927e-01
1.17945433e+00
1.93166065e+00
1.20186694e-02
0.00000000e+00
0.00000000e+00
4.65097278e-01
0.00000000e+00
0.00000000e+00
0.00000000e+00
0.00000000e+00
0.00000000e+00
0.00000000e+00
0.00000000e+00
0.00000000e+00
0.00000000e+00
0.00000000e+00
0.00000000e+00
0.00000000e+00
0.00000000e+00
0.00000000e+00
5.36560416e-01
7.17081547e-01
1.70290321e-01
2.76466578e-01
6.32369876e-01
4.91243869e-01
7.60711432e-01
8.67541432e-01
6.10432267e-01
7.72983313e-01
1.80618751e+00
2.56308389e+00
7.29404306e+00
0.00000000e+00
0.00000000e+00
0.00000000e+00
0.00000000e+00
0.00000000e+00
0.00000000e+00
0.00000000e+00
0.00000000e+00
0.00000000e+00
0.00000000e+00
0.00000000e+00
0.00000000e+00
0.00000000e+00
0.00000000e+00
0.00000000e+00
0.00000000e+00
3.68890691e+00
2.92657423e+00
3.56210160e+00
3.94900179e+00
4.29087400e+00
4.83802843e+00
5.02656412e+00
5.16685724e+00
5.58276987e+00
5.79247093e+00
6.62903643e+00
8.11003685e+00
8.46914196e+00
7.68938160e+00
6.71324921e+00
2.03245831e+00
1.94804490e+00
0.00000000e+00
3.82822752e-02
1.18299976e-01
0.00000000e+00
0.00000000e+00
0.00000000e+00
0.00000000e+00
0.00000000e+00
0.00000000e+00
0.00000000e+00
0.00000000e+00
0.00000000e+00
0.00000000e+00
0.00000000e+00
0.00000000e+00
0.00000000e+00
0.00000000e+00
0.00000000e+00
0.00000000e+00
0.00000000e+00
0.00000000e+00
0.00000000e+00
0.00000000e+00
0.00000000e+00
0.00000000e+00
0.00000000e+00
0.00000000e+00
0.00000000e+00
0.00000000e+00
0.00000000e+00
6.70077038e+00
0.00000000e+00
5.80486178e-01
6.37373090e-01
5.73950768e-01
8.03115726e-01
6.97250366e-01
9.79104877e-01
1.18244982e+00
1.33974802e+00
1.46648312e+00
1.65664041e+00
1.30754042e+00
1.41931617e+00
2.70073915e+00
3.06664324e+00
4.82386112e+00
3.47310305e+00
4.40719008e-01
6.03536546e-01
4.91040230e-01
3.53531361e-01
2.48368055e-01
0.00000000e+00
0.00000000e+00
0.00000000e+00
0.00000000e+00
0.00000000e+00
5.35506129e-01
3.13867629e-01
0.00000000e+00
0.00000000e+00
0.00000000e+00
1.85727227e+00
2.91032839e+00
3.39403486e+00
4.23417377e+00
4.75632763e+00
5.55733109e+00
6.29530287e+00
6.81765699e+00
7.10061693e+00
7.63004208e+00
7.74050808e+00
8.33680534e+00
1.04098167e+01
1.16278601e+01
1.15827160e+01
1.64139748e+01
3.39115858e+00
2.94784260e+00
3.60092807e+00
4.18679619e+00
5.10956621e+00
5.37577724e+00
5.71315622e+00
5.89032412e+00
6.40421915e+00
6.52207375e+00
7.35856676e+00
8.88578892e+00
9.54357719e+00
8.73492241e+00
7.77917290e+00
5.36074781e+00
1.87076187e+00
1.03700459e-01
3.76607835e-01
7.59394944e-01
7.29105890e-01
5.89019239e-01
4.01320815e-01
3.04594159e-01
4.78425205e-01
6.21427357e-01
1.38360763e+00
1.97292566e+00
2.10905242e+00
8.69950354e-01
4.34752166e-01
0.00000000e+00
1.87605906e+00
9.26052213e-01
1.57197952e+00
1.50175190e+00
1.17664051e+00
1.56469250e+00
1.57520878e+00
1.61027396e+00
1.82668388e+00
2.20948076e+00
2.10986161e+00
2.81298661e+00
3.33728099e+00
2.53706026e+00
1.94617224e+00
0.00000000e+00
1.69370747e+00
1.13237381e+00
1.02416587e+00
5.30410051e-01
1.40426719e+00
1.74870777e+00
1.65643191e+00
1.42403555e+00
1.38777077e+00
1.05368543e+00
2.67020524e-01
7.29048371e-01
7.78876305e-01
0.00000000e+00
0.00000000e+00
3.26956809e-01
0.00000000e+00
0.00000000e+00
0.00000000e+00
0.00000000e+00
0.00000000e+00
0.00000000e+00
0.00000000e+00
0.00000000e+00
0.00000000e+00
0.00000000e+00
0.00000000e+00
0.00000000e+00
0.00000000e+00
0.00000000e+00
0.00000000e+00
0.00000000e+00
0.00000000e+00
3.75238687e-01
3.77677172e-01
2.74958313e-01
0.00000000e+00
1.61162555e-01
2.42776394e-01
2.97250628e-01
2.07324058e-01
9.95720863e-01
7.37126708e-01
0.00000000e+00
9.29855227e-01
8.70068312e-01
7.11259007e-01
2.27764189e-01
