0.00000000e+00
2.21614420e-01
3.12878013e-01
2.74819702e-01
0.00000000e+00
1.92708939e-01
1.28051817e-01
0.00000000e+00
0.00000000e+00
1.78020000e-02
0.00000000e+00
2.01161593e-01
1.00825503e-01
0.00000000e+00
3.49694192e-02
1.80362046e-01
1.58203447e+00
0.00000000e+00
1.47949323e-01
2.46113896e-01
1.07401803e-01
2.56698132e-01
1.54547408e-01
2.07246810e-01
2.35609695e-01
0.00000000e+00
4.81688492e-02
0.00000000e+00
0.00000000e+00
0.00000000e+00
0.00000000e+00
0.00000000e+00
0.00000000e+00
0.00000000e+00
0.00000000e+00
0.00000000e+00
0.00000000e+00
0.00000000e+00
0.00000000e+00
0.00000000e+00
0.00000000e+00
0.00000000e+00
1.33332103e-01
4.28794026e-02
1.80927545e-01
2.37196356e-01
1.19352847e-01
2.61784649e+00
0.00000000e+00
0.00000000e+00
0.00000000e+00
0.00000000e+00
0.00000000e+00
0.00000000e+00
0.00000000e+00
0.00000000e+00
0.00000000e+00
0.00000000e+00
0.00000000e+00
0.00000000e+00
0.00000000e+00
0.00000000e+00
0.00000000e+00
0.00000000e+00
1.91994452e+00
1.01042068e+00
1.00182176e+00
1.38815022e+00
1.47582603e+00
1.54429078e+00
2.06459260e+00
2.43270373e+00
2.51288939e+00
2.73568726e+00
2.84488511e+00
3.05336857e+00
3.43817353e+00
3.65697241e+00
4.13031197e+00
1.73930824e+00
9.16359067e-01
0.00000000e+00
0.00000000e+00
0.00000000e+00
0.00000000e+00
0.00000000e+00
0.00000000e+00
5.10513932e-02
0.00000000e+00
0.00000000e+00
0.00000000e+00
0.00000000e+00
0.00000000e+00
0.00000000e+00
0.00000000e+00
0.00000000e+00
0.00000000e+00
0.00000000e+00
0.00000000e+00
0.00000000e+00
0.00000000e+00
0.00000000e+00
0.00000000e+00
0.00000000e+00
0.00000000e+00
0.00000000e+00
0.00000000e+00
0.00000000e+00
0.00000000e+00
0.00000000e+00
0.00000000e+00
2.95725107e+00
0.00000000e+00
4.53430235e-01
4.94350642e-01
4.21027929e-01
3.40999961e-01
4.35859412e-01
4.44599092e-01
2.62463719e-01
4.92314160e-01
5.62388539e-01
6.20236456e-01
7.73592412e-01
7.18422413e-01
7.25668311e-01
7.71832645e-01
2.07191277e+00
1.97355926e+00
0.00000000e+00
0.00000000e+00
2.95553803e-01
2.98330933e-01
1.41687542e-01
4.22518969e-01
5.22635460e-01
3.23613763e-01
6.62939698e-02
4.48520482e-03
0.00000000e+00
3.77213359e-02
0.00000000e+00
4.38935608e-02
0.00000000e+00
1.14736664e+00
1.71376491e+00
1.65346944e+00
1.46804059e+00
1.81345332e+00
1.89106202e+00
1.95545924e+00
2.45980024e+00
2.94091630e+00
3.30983496e+00
3.65764904e+00
3.86709356e+00
4.11530590e+00
4.51339722e+00
4.80261040e+00
8.43536758e+00
1.81928945e+00
1.16364622e+00
1.10390568e+00
1.46298361e+00
1.50262928e+00
1.68327665e+00
2.06277823e+00
2.45378041e+00
2.79641128e+00
2.93844724e+00
3.23516321e+00
3.39728141e+00
3.76657724e+00
4.25443983e+00
4.71359444e+00
3.56771302e+00
5.27911246e-01
0.00000000e+00
0.00000000e+00
0.00000000e+00
0.00000000e+00
0.00000000e+00
0.00000000e+00
0.00000000e+00
0.00000000e+00
0.00000000e+00
0.00000000e+00
0.00000000e+00
0.00000000e+00
1.36668086e-01
2.21504688e-01
0.00000000e+00
6.26493156e-01
7.93874636e-02
2.47030221e-02
2.83864677e-01
3.82160872e-01
2.24238917e-01
5.56182742e-01
7.85353065e-01
6.87859297e-01
7.64169455e-01
7.59072006e-01
8.68967712e-01
1.07409108e+00
1.03773665e+00
1.14401472e+00
9.93244648e-02
2.08791041e+00
1.89376545e+00
1.72232199e+00
1.72056758e+00
1.64330709e+00
1.62438595e+00
1.60727274e+00
1.50999725e+00
1.63258004e+00
1.54028356e+00
1.63235986e+00
1.59585798e+00
1.41390038e+00
1.60612643e+00
1.81934309e+00
2.39357901e+00
0.00000000e+00
0.00000000e+00
0.00000000e+00
0.00000000e+00
0.00000000e+00
0.00000000e+00
0.00000000e+00
0.00000000e+00
0.00000000e+00
0.00000000e+00
0.00000000e+00
0.00000000e+00
0.00000000e+00
0.00000000e+00
0.00000000e+00
0.00000000e+00
0.00000000e+00
3.05004120e-01
2.15604514e-01
6.89585060e-02
2.86195844e-01
7.34592974e-03
6.99207336e-02
2.75684118e-01
0.00000000e+00
2.91045904e-01
4.35372442e-02
1.85653895e-01
2.86045343e-01
0.00000000e+00
1.40445679e-02
1.28860569e+00
