1.90722656
0.60546875
-4.421875
1.921875
-0.001953125
0.24609375
-2.33984375
2.37109375
0.501953125
-5.27148438
-2.41796875
1.09960938
1.11328125
0.758789062
3.29199219
0.271484375
-5.25488281
-3.05859375
-0.452148438
1.09765625
-5.13476562
-2.06054688
-0.1796875
4.56445312
0.142578125
-5.13867188
-3.63867188
0.681640625
3.6640625
-0.268554688
-6.87597656
-3.52734375
-32
-19.5126953
-12.5068359
-12.8632812
-18.8681641
-14.7001953
-13.5078125
-13.3154297
-2.21484375
3.4140625
9.43554688
2.64355469
-11.7255859
-23.8320312
-23.8066406
-11.5371094
-1.55957031
4.67382812
-5.42871094
-3.45605469
-0.416992188
4.52246094
-12.2539062
-26.6298828
-17.8876953
-2.06542969
6.99121094
-9.30273438
-23.4443359
-10.6367188
6.07324219
19.625
-5.27441406
-2.67675781
-1.9765625
11.046875
13.4941406
7.3046875
0.881835938
10.1064453
28.3242188
5.01269531
7.13964844
15.5605469
0.546875
-14.3378906
-1.171875
12.3955078
-0.698242188
5.28320312
8.7265625
16.7734375
-0.842773438
-0.634765625
-3.35449219
-0.885742188
8.71777344
-1.42871094
4.4921875
3.16308594
5.03515625
13.3886719
0.372070312
13.1708984
4.70214844
-0.971679688
20.1582031
19.4785156
21.1669922
9.7265625
20.9111328
20.7265625
17.9609375
10.8476562
18.4257812
21.0634766
10.3955078
9.75488281
12.3398438
10.5361328
10.9326172
19.5517578
22.3710938
8.51074219
6.93554688
9.9765625
20.3320312
8.85351562
4.21386719
3.56542969
17.7285156
22.4785156
12.1289062
1.91894531
4.87890625
14.5390625
1.546875
2.75292969
-2.61523438
-1.97851562
-3.23046875
-1.69824219
-5.02539062
-4.0546875
-4.14257812
-4.57519531
-6.890625
-7.26171875
-4.50195312
-3.29882812
-2.09472656
-1.41015625
-2.24511719
-3.8984375
-3.77050781
-0.594726562
-1.69824219
-2.30566406
-3.47558594
1.19921875
1.93945312
0.504882812
-3.08203125
-2.76074219
1.3671875
3.16113281
0.602539062
-2.20605469
18.2060547
4.58007812
3.67382812
6.81152344
12.4169922
5.03027344
4.22460938
7.14550781
7.15039062
-3.34179688
-4.98144531
4.34082031
8.68359375
11.3037109
14.6259766
10.8408203
0.788085938
0.021484375
9.109375
8.36816406
1.03613281
-2.53125
9.78222656
17.1523438
12.9238281
-1.78613281
-3.91601562
8.10253906
16.5566406
8.8515625
-5.80175781
-9.12988281
-12.3408203
-4.54882812
0.786132812
-9.5390625
-11.4121094
-5.55175781
0.256835938
-8.00292969
-11.8046875
5.21582031
4.91699219
-5.15039062
-4.96972656
-3.05664062
-11.2636719
-11.1230469
2.41894531
0.216796875
-8.07226562
-12.0019531
2.40527344
2.79296875
-4.80078125
-15.6630859
-13.0458984
3.22167969
3.75585938
-6.39257812
-16.2470703
-11.9316406
6.62792969
4.01855469
10.3955078
10.7724609
16.2148438
15.7822266
14.9726562
13.2441406
16.9042969
16.1923828
10.2236328
8.74902344
9.97363281
7.94726562
6.171875
9.58007812
10.7646484
7.84863281
8.52929688
10.0048828
9.69824219
4.17773438
4.67480469
6.37695312
9.8828125
8.60449219
6.1875
7.37109375
10.4990234
11.9179688
9.54589844
5.09375
6.44726562
6.671875
-2.91699219
0.760742188
-0.197265625
-3.3203125
-3.20507812
-1.09179688
-1.59765625
-2.91308594
0.14453125
3.6640625
0.829101562
-1.69238281
-0.719726562
-0.817382812
-0.951171875
2.98339844
5.921875
3.28125
0.50390625
2.38867188
4.921875
2.59765625
-1.47851562
-2.06445312
2.109375
5.18554688
2.04003906
-2.06445312
-1.88867188
3.25585938
6.21289062
2.78710938
0.439453125
0.926757812
-1.32226562
-1.00097656
-1.28125
-0.728515625
-2.93847656
-3.74023438
-3.71582031
-4.19238281
-5.59375
-6.40625
-6.26269531
-6.84277344
-6.8984375
-6.34082031
-6.53515625
-6.98535156
-6.83886719
-4.66503906
-4.42089844
-4.43945312
-5.40039062
-3.70019531
-2.15429688
-1.81347656
-3.09375
-3.82324219
-2.52246094
-0.602539062
-0.861328125
-1.24707031
-14.5693359
-22.4033203
-6.80957031
-15.1650391
-10.7910156
-19.6191406
-11.2949219
-17.3984375
-12.53125
-9.49511719
-6.34960938
-4.20996094
-10.6982422
-15.5585938
-20.1445312
-17.1621094
-11.2382812
-7.05273438
-5.11523438
-11.8164062
-4.80078125
-6.359375
-1.66601562
-16.3964844
-14.8242188
-10.8535156
-2.31640625
-2.53515625
-12.5683594
-13.5898438
-4.00488281
2.1640625
11.3027344
10.3349609
23.5908203
15.0625
21.8828125
15.5244141
21.9580078
16.1464844
21.5947266
19.0488281
13.5009766
11.2724609
6.46191406
6.30371094
9.109375
17.0800781
19.6914062
16.890625
15.7929688
10.9873047
15.1064453
8.1484375
11.1308594
4.55957031
14.1494141
16.4013672
16.6914062
13.1787109
9.61816406
14.5253906
18.6015625
13.4277344
22.7597656
9.24121094
13.9785156
6.13574219
13.9560547
7.44042969
12.1064453
6.61035156
2.27148438
2.35742188
-3.64648438
-0.681640625
7.00390625
14.7070312
12.6210938
8.20703125
6.67773438
1.37988281
7.12011719
1.84472656
6.17773438
-0.9921875
11.578125
13.4208984
11.9013672
5.41601562
0.564453125
8.83398438
13.5478516
7.34472656
3.04589844
-8.17480469
-32
-32
-32
-32
-32
-32
-32
-32
-32
-32
-32
-32
-32
-32
-32
-32
-32
-32
-32
-32
-32
-29.6904297
-32
-32
-32
-32
-32
-32
-32
-32
-32
-24.9648438
3.359375
1.46582031
0.672851562
2.49316406
6.60449219
6.14941406
5.41210938
6.56152344
11.9257812
8.15820312
6.734375
9.93847656
9.60839844
7.13183594
8.55761719
10.7744141
6.421875
4.50976562
5.70410156
7.90234375
4.82617188
1.86328125
2.14257812
3.31933594
6.06152344
2.01367188
0.16796875
0.365234375
2.24707031
4.09960938
-0.627929688
-1.65039062
31.9990234
21.4902344
-14.4248047
-16.9189453
-4.04589844
0.951171875
-13.2314453
-15.1621094
-22.1230469
-21.5683594
-32
-31.0273438
5.96679688
23.1826172
18.375
4.65234375
-12.3671875
-32
-20.8173828
-5.46875
-6.74023438
-23.2109375
-7.91699219
26.0527344
21.1591797
-5.5625
-32
-18.5986328
16.8974609
11.6787109
-19.0244141
-32
