1.20800781
1.52050781
-1.72460938
-2.83789062
1.0859375
3.40136719
0.776367188
-1.54589844
-2.31152344
1.24511719
1.59472656
0.255859375
-0.0859375
-0.379882812
-0.729492188
0.056640625
0.198242188
0.92578125
-0.818359375
0.283203125
1.77050781
1.34863281
-0.881835938
1.31738281
-1.56835938
-0.75390625
-0.67578125
1.47167969
1.33886719
1.93652344
-2.69433594
-0.813476562
-0.150390625
-0.0673828125
1.54785156
0.869140625
0.21875
0.303710938
-0.546875
1.08789062
-0.452148438
-0.948242188
-1.05957031
-0.93359375
0.49609375
0.666015625
0.419921875
1.05957031
-0.552734375
-0.307617188
-0.760742188
0.263671875
-1.01757812
0.0361328125
0.412109375
1.09667969
0.342773438
0.60546875
-1.94628906
-0.541992188
-1.625
0.479492188
0.720703125
0.91796875
-2.33691406
-1.31640625
2.29785156
-1.48535156
-0.1171875
1.234375
-2.31738281
-1.24609375
-1.20800781
-0.202148438
0.512695312
-2.04394531
-0.263671875
1.19726562
-1.77539062
1.72753906
-0.84375
-0.46484375
1.54492188
-0.720703125
-0.958984375
1.21679688
-0.942382812
-2.49804688
0.360351562
-0.974609375
0.326171875
-0.048828125
-2.25390625
1.54199219
-1.46191406
-0.630859375
0.329101562
0.099609375
-0.649414062
-1.63574219
-0.319335938
0.829101562
-0.94140625
-1.07226562
-0.688476562
-0.4375
-0.518554688
-0.443359375
0.180664062
-0.416992188
-0.33984375
-0.546875
0.124023438
-1.10058594
-0.763671875
-0.813476562
0.229492188
0.0908203125
-0.135742188
-0.166015625
-0.05078125
0.252929688
-1.79589844
0.20703125
0.219726562
0.373046875
-0.200195312
-0.418945312
-0.545898438
1.015625
1.42871094
-0.080078125
-1.94726562
-1.17578125
1.06738281
1.78613281
0.283203125
-0.62109375
-0.424804688
0.3515625
0.896484375
0.633789062
0.604492188
0.12890625
-0.245117188
0.44140625
-0.665039062
-1.06445312
-1.45996094
-0.547851562
-0.0556640625
0.7578125
0.712890625
0.731445312
-0.74609375
-1.44433594
-0.618164062
0.577148438
1.23925781
0.265625
-0.0732421875
0.646484375
1.62988281
-0.0400390625
-1.85058594
-0.438476562
0.897460938
1.5546875
0.953125
0.087890625
-0.251953125
0.374023438
1.11328125
0.275390625
0.206054688
-0.421875
0.149414062
0.080078125
-0.087890625
-0.321289062
-1.06835938
0.3671875
1.28125
0.07421875
0.737304688
2.11523438
-0.541992188
-0.200195312
0.134765625
0.638671875
1.70898438
0.0048828125
1.70214844
-1.14550781
-3.24023438
0.817382812
2.2265625
0.82421875
-0.938476562
-1.8125
-0.90234375
0.678710938
-0.23046875
0.25390625
-1.17773438
-1.31933594
0.560546875
-0.955078125
0.66796875
-0.45703125
-0.994140625
1.9140625
1.16992188
-0.701171875
-0.400390625
0.809570312
-2.57421875
-0.243164062
-1.24023438
2.17089844
0.3671875
-1.421875
-1.54101562
0.0439453125
1.21875
0.853515625
-1.390625
-0.837890625
1.75683594
1.75585938
0.0810546875
-1.36035156
-0.340820312
1.20800781
1.54980469
0.747070312
0.287109375
0.26953125
0.291015625
0.567382812
0.893554688
0.723632812
0.513671875
0.516601562
2.25976562
0.60546875
-0.352539062
0.583984375
-0.196289062
-0.744140625
1.13378906
1.22460938
1.99316406
0.74609375
-0.9375
0.216796875
0.280273438
1.10742188
1.84082031
0.741210938
-2.08789062
-1.11035156
1.43457031
2.49023438
0.478515625
-0.987304688
-0.870117188
0.489257812
1.32519531
0.594726562
0.93359375
-0.250976562
-0.3515625
0.03515625
-1.13085938
-0.40234375
-1.42773438
-0.270507812
1.41308594
1.76074219
0.795898438
1.69726562
-1.58789062
-1.125
-0.240234375
0.728515625
2.56054688
0.682617188
-0.977539062
-1.19042969
0.04296875
1.16992188
1.27929688
-0.774414062
-1.18554688
-0.728515625
1.109375
0.62109375
0.577148438
-0.298828125
-0.494140625
0.5625
0.1640625
1.16308594
0.524414062
0.428710938
1.72460938
0.165039062
0.251953125
-0.724609375
-1.01953125
-1.80078125
0.413085938
-0.981445312
2.4296875
-0.216796875
-0.422851562
-1.29492188
-0.571289062
0.262695312
-0.62109375
-0.359375
1.13378906
0.330078125
-1.35058594
-0.844726562
0.0771484375
0.588867188
0.715820312
-1.52929688
-0.787109375
-0.672851562
-0.211914062
0.538085938
0.401367188
0.078125
0.534179688
-0.961914062
0.083984375
-1.87304688
-1.06738281
-1.55175781
-0.395507812
-0.60546875
1.18359375
-0.168945312
-0.833007812
-2.09765625
-1.421875
-1.0625
1.05273438
-0.553710938
-0.334960938
-0.331054688
0.865234375
-0.321289062
-2.62402344
-1.484375
-0.3828125
0.3046875
-0.212890625
-1.67871094
-0.87890625
-0.319335938
0.55078125
0.44921875
0.270507812
-0.794921875
-0.297851562
-1.34570312
-0.927734375
-1.47851562
-1.41503906
-1.32226562
0.478515625
0.05859375
0.106445312
0.404296875
-1.81347656
-1.3984375
-0.545898438
-0.0087890625
1.92089844
-0.349609375
0.405273438
0.424804688
0.185546875
0.268554688
-1.84765625
-1.35644531
1.109375
0.747070312
1.13769531
-0.532226562
-0.0361328125
0.704101562
0.563476562
0.099609375
0.616210938
-0.985351562
0.508789062
-0.296875
-0.197265625
-1.00195312
-0.234375
-1.16015625
0.841796875
0.1640625
0.581054688
0.672851562
0.236328125
-1.1640625
1.0703125
-0.70703125
1.95117188
-0.3515625
-0.322265625
-0.790039062
0.166015625
1.61425781
1.671875
0.950195312
0.856445312
0.889648438
0.678710938
-0.798828125
-1.25585938
-1.87695312
-1.88867188
-1.07226562
-0.602539062
0.440429688
-0.03515625
-0.123046875
-0.13671875
-0.107421875
-0.368164062
-0.860351562
-0.36328125
-0.311523438
0.430664062
-0.541015625
-0.172851562
-1.95117188
-2.17382812
-2.84960938
-1.40136719
-0.83984375
-0.3046875
-1.66308594
-0.671875
-0.215820312
0.649414062
0.5
-1.20019531
-1.59375
-0.786132812
-0.176757812
-0.157226562
-0.729492188
-1.3984375
-0.944335938
-1.54980469
-0.921875
-0.69140625
-1.23242188
0.692382812
0.791015625
0.41796875
1.1328125
0.448242188
-1.46875
-0.7421875
-0.841796875
0.26953125
1.41210938
-0.374023438
-0.139648438
-1.06347656
-0.831054688
0.596679688
0.205078125
-1.46679688
-0.557617188
-2.5234375
-0.739257812
2.95703125
0.46875
-0.284179688
1.04296875
0.928710938
2.00097656
-1.125
-1.48535156
-0.444335938
-3.12988281
0.370117188
0.608398438
-0.296875
0.508789062
-0.6328125
0.194335938
0.34765625
0.041015625
-2.26367188
0.776367188
0.4375
1.54394531
0.708984375
0.009765625
-0.65234375
-1.96289062
