-2.3046875
-2.11230469
0.141601562
0.0478515625
-0.16796875
-0.203125
-0.162109375
-0.405273438
-0.244140625
-0.122070312
-0.282226562
-0.297851562
-0.18359375
-0.125
-0.119140625
0.0205078125
0.09375
0.015625
-0.125976562
-0.05859375
0.375
0.19140625
-0.282226562
-0.412109375
-0.954101562
-1.09082031
-0.375
0.147460938
0.545898438
0.705078125
-3.74804688
1.17382812
1.93359375
0.872070312
-0.21875
0.013671875
-0.0751953125
-0.502929688
-0.250976562
-0.131835938
0.2265625
0.466796875
-0.0537109375
-0.311523438
-0.409179688
-0.595703125
-0.75390625
-0.668945312
-0.627929688
-0.870117188
-1.00097656
-1.49121094
-1.29296875
-0.541992188
-0.483398438
-0.328125
-0.856445312
-1.88085938
-2.12207031
-2.68359375
-2.74707031
-2.2734375
-4.80957031
-4.16503906
-1.16015625
-1.02539062
-0.323242188
-0.185546875
-0.7734375
-0.814453125
0.537109375
-0.145507812
-0.33203125
0.717773438
0.170898438
-0.0791015625
0.237304688
0.276367188
0.286132812
0.6328125
0.4921875
0.137695312
0.760742188
0.259765625
0.552734375
0.868164062
-0.290039062
0.611328125
0.774414062
0.177734375
1.78417969
1.80664062
1.74804688
2.56347656
7.29492188
5.89648438
-0.702148438
-1.44628906
-1.84082031
-1.98144531
-1.99316406
-1.89355469
-2.19238281
-2.578125
-2.51953125
-2.19433594
-2.77050781
-3.125
-3.16210938
-3.34667969
-3.42675781
-3.49511719
-3.53125
-3.5390625
-3.61132812
-3.6796875
-3.87011719
-3.72363281
-3.75488281
-3.82714844
-4.34765625
-4.95507812
-4.93164062
-4.98144531
-4.96679688
-4.484375
-6.73144531
-3.75683594
3.68652344
3.21582031
2.58886719
2.92285156
3.25097656
3.55761719
3.81738281
3.94433594
4.09375
4.28417969
4.62207031
4.83105469
4.91601562
5.01953125
5.0859375
5.15917969
5.32128906
5.57421875
5.71582031
5.78417969
6.09082031
6.62011719
7.39355469
8.09960938
8.45800781
8.29785156
7.67675781
7.0625
6.70117188
6.41503906
2.02148438
-3.7578125
1.95019531
1.33886719
-0.174804688
-0.166992188
-0.201171875
0.04296875
0.123046875
-0.424804688
-0.916015625
-0.689453125
-0.602539062
-0.731445312
-0.842773438
-0.991210938
-1.09179688
-1.21679688
-1.34960938
-1.29882812
-1.10058594
-1.05761719
-1.32324219
-1.35742188
-1.20800781
-0.876953125
-0.782226562
-1.24707031
-1.79785156
-2.40917969
-2.84472656
-2.80859375
-4.7421875
-5.6484375
-2.70410156
-2.17578125
-0.974609375
-1.125
-1.04492188
-1.45117188
-2.046875
-1.28710938
-1.00195312
-1.60546875
-1.65136719
-1.578125
-1.62402344
-1.58105469
-1.53125
-1.54882812
-1.41992188
-1.54296875
-2.03027344
-1.72460938
-1.83007812
-2.01855469
-2.09277344
-3.11914062
-3.40527344
-2.84179688
-2.64648438
-1.81738281
-1.36621094
-1.45800781
-2.68164062
6.70117188
-1.70410156
-0.916015625
0.579101562
0.46484375
0.513671875
0.635742188
0.475585938
0.571289062
0.80078125
0.75
0.629882812
0.693359375
0.8515625
0.975585938
1.09570312
1.17871094
1.26660156
1.3359375
1.25585938
1.46289062
1.65234375
1.45703125
1.30371094
1.09863281
0.9765625
1.4140625
2.05371094
2.69628906
3.04394531
3.06152344
2.703125
4.8203125
3.47265625
2.12597656
0.19921875
0.440429688
0.602539062
0.51171875
0.454101562
0.489257812
0.3515625
0.245117188
0.248046875
0.11328125
-0.116210938
-0.3046875
-0.469726562
-0.583007812
-0.548828125
-0.528320312
-0.654296875
-0.740234375
-0.698242188
-0.171875
0.415039062
0.533203125
0.311523438
-0.545898438
-1.73339844
-2.54589844
-2.90820312
-2.90917969
-8.20800781
-10.6201172
0.0927734375
1.85742188
2.80664062
2.91113281
3.0859375
3.39453125
3.85058594
4.23535156
4.50488281
4.75683594
5.14648438
5.55859375
5.93945312
6.29589844
6.59667969
6.81835938
6.93164062
7.10253906
7.46191406
7.63085938
7.7421875
7.70703125
7.79980469
8.33886719
9.30371094
10.4130859
11.2548828
11.6298828
11.5849609
11.2773438
16.4160156
12.6074219
3.39160156
3.28710938
2.65039062
2.94921875
3.40332031
3.6015625
3.72558594
4.1875
4.43945312
5.109375
5.32714844
5.37597656
5.59277344
5.71386719
5.8125
5.890625
6.171875
6.40527344
6.4921875
6.5234375
6.46386719
7.359375
8.20800781
8.88769531
9.54492188
9.23730469
8.73632812
8.40722656
7.78125
7.76171875
5.36132812
-0.805664062
1.87109375
1.12597656
-0.172851562
0.103515625
0.349609375
0.375976562
0.516601562
0.7578125
0.533203125
0.727539062
0.587890625
0.392578125
0.400390625
0.3359375
0.302734375
0.303710938
0.447265625
0.4765625
0.4765625
0.620117188
0.635742188
1.38183594
1.80761719
1.97070312
2.10742188
1.42578125
0.8671875
0.604492188
0.189453125
0.431640625
-3.84082031
-5.87792969
1.71191406
1.875
0.850585938
0.926757812
1.29199219
1.57226562
1.30761719
1.50195312
1.17675781
1.11816406
1.50585938
1.56542969
1.55175781
1.57617188
1.61230469
1.48046875
1.58203125
1.82714844
1.81738281
2.2109375
1.98925781
2.11132812
2.76367188
2.81445312
3.27441406
3.33886719
2.5390625
2.39257812
1.94824219
1.66113281
-0.94921875
-4.13085938
1.27734375
1.69433594
1.1328125
1.06933594
1.02539062
0.58203125
0.317382812
0.530273438
0.974609375
1.40429688
1.71875
1.74902344
1.65625
1.56835938
1.42382812
1.35351562
1.38769531
1.28808594
1.05371094
0.516601562
0.130859375
0.266601562
0.573242188
0.73046875
0.779296875
0.395507812
-0.21875
-0.75
-1.14257812
-1.27832031
0.32421875
-1.12597656
-4.828125
-5.39453125
-5.33886719
-5.77636719
-6.45214844
-7.02734375
-7.2109375
-7.72265625
-8.39160156
-8.74609375
-9.25
-9.71972656
-10.0419922
-10.3408203
-10.5957031
-10.8027344
-11.1855469
-11.671875
-11.7988281
-12.0966797
-12.6083984
-13.3408203
-14.6806641
-15.6835938
-16.3105469
-16.6357422
-16.1757812
-15.6953125
-15.3144531
-14.8046875
-7.87597656
-1.62207031
-1.27734375
-1.04980469
0.373046875
0.2421875
0.237304688
0.376953125
0.154296875
0.2734375
-0.821289062
-1.62011719
-0.288085938
0.158203125
0.033203125
0.240234375
0.294921875
0.0888671875
0.056640625
0.203125
0.170898438
0.9921875
0.734375
-0.216796875
-0.3125
-0.895507812
-0.0859375
0.92578125
0.323242188
0.865234375
0.70703125
-0.287109375
-1.67089844
0.223632812
