-1.25585938
-1.1328125
0.14453125
0.22265625
0.283203125
0.311523438
0.2734375
0.0869140625
-0.068359375
-0.015625
0.1328125
0.19140625
0.127929688
0.095703125
-0.11328125
-0.192382812
-0.178710938
-0.0380859375
0.0166015625
0.015625
-0.03125
-0.0146484375
0.009765625
0.200195312
0.0986328125
-0.0693359375
-0.0478515625
-0.056640625
0.025390625
0.0322265625
-2.890625
0.177734375
1.58398438
0.928710938
-0.015625
-0.0205078125
0.0673828125
0.150390625
0.248046875
0.21875
0.109375
0.0751953125
0.134765625
0.258789062
0.135742188
0.15625
0.09765625
0.209960938
0.23828125
0.0751953125
-0.107421875
-0.149414062
-0.0849609375
0.0498046875
-0.237304688
-0.310546875
-0.215820312
-0.25390625
-0.0244140625
-0.0927734375
-0.14453125
-0.0244140625
-2.34863281
-2.45605469
-0.633789062
-0.291992188
-0.422851562
-0.184570312
-0.14453125
-0.462890625
-0.41796875
-0.354492188
-0.485351562
-0.399414062
-0.2109375
-0.240234375
-0.66015625
-0.370117188
-0.380859375
-0.426757812
-0.305664062
-0.182617188
-0.112304688
-0.1640625
-0.108398438
0.133789062
-0.2265625
0.04296875
0.180664062
-0.353515625
0.216796875
0.237304688
-0.0361328125
0.120117188
2.59179688
2.61816406
-0.634765625
-1.03710938
-1.49023438
-1.46289062
-1.46191406
-1.41308594
-1.28222656
-1.33496094
-1.49902344
-1.52148438
-1.5
-1.52539062
-1.46289062
-1.52246094
-1.67285156
-1.91699219
-1.79394531
-1.875
-1.97851562
-2.17480469
-2.17871094
-2.22363281
-2.16894531
-2.28417969
-2.36621094
-2.52148438
-2.41894531
-2.50097656
-2.72070312
-2.70019531
-4.10546875
-2.63378906
1.91894531
1.50683594
1.0078125
0.944335938
0.9140625
1
1.1875
1.38574219
1.47265625
1.43847656
1.42675781
1.54199219
1.76367188
2.06152344
2.28417969
2.4296875
2.43652344
2.50878906
2.60546875
2.73144531
2.79492188
2.84082031
2.87890625
3.04882812
3.23339844
3.43359375
3.54199219
3.65136719
3.86523438
4.12402344
1.73242188
-1.70019531
0.916992188
0.639648438
-0.3046875
-0.29296875
-0.3515625
-0.3984375
-0.235351562
-0.03125
-0.03125
-0.154296875
-0.260742188
-0.326171875
-0.21875
-0.0126953125
0.0546875
-0.180664062
-0.315429688
-0.346679688
-0.323242188
-0.426757812
-0.53515625
-0.641601562
-0.627929688
-0.565429688
-0.541992188
-0.678710938
-0.682617188
-0.692382812
-0.821289062
-0.796875
-1.72753906
-2.16894531
-1.40527344
-1.16308594
-0.203125
-0.263671875
-0.166015625
-0.05078125
-0.311523438
-0.592773438
-0.583007812
-0.491210938
-0.439453125
-0.407226562
-0.455078125
-0.893554688
-0.99609375
-0.875976562
-0.791015625
-0.869140625
-0.934570312
-0.897460938
-0.854492188
-0.872070312
-0.748046875
-1.01269531
-1.09765625
-0.921875
-1.18066406
-1.16210938
-1.07617188
-1.25878906
-2.27441406
2.95703125
-0.86328125
-0.463867188
0.419921875
0.453125
0.469726562
0.4921875
0.418945312
0.268554688
0.232421875
0.33984375
0.432617188
0.43359375
0.443359375
0.329101562
0.24609375
0.260742188
0.3984375
0.490234375
0.537109375
0.559570312
0.607421875
0.6171875
0.750976562
0.771484375
0.696289062
0.715820312
0.711914062
0.72265625
0.768554688
0.750976562
0.6796875
2.06933594
1.97363281
1.08984375
-0.1328125
-0.2109375
-0.1796875
-0.0341796875
0.143554688
0.294921875
0.297851562
0.151367188
0.0595703125
0.141601562
0.291992188
0.421875
0.522460938
0.493164062
0.323242188
0.1484375
0.0654296875
0.048828125
0.00390625
-0.0673828125
-0.157226562
-0.190429688
-0.056640625
0.037109375
-0.0283203125
-0.0634765625
-0.0419921875
0.04296875
-3.38085938
-5.29980469
0.119140625
1.14746094
1.69726562
1.71386719
1.65332031
1.51367188
1.41601562
1.46875
1.64160156
1.81347656
1.890625
1.88378906
1.85839844
1.95605469
2.17089844
2.45996094
2.71289062
2.94140625
3.12890625
3.30957031
3.48339844
3.65820312
3.765625
3.86816406
3.96875
4.11621094
4.3203125
4.51464844
4.66796875
4.80371094
8.4375
6.8046875
1.81835938
1.81933594
1.16308594
1.04394531
1.03613281
1.10449219
1.28613281
1.46289062
1.50195312
1.49609375
1.53808594
1.68359375
1.92480469
2.0625
2.36035156
2.45410156
2.75488281
2.796875
2.8984375
2.93847656
3.1171875
3.23632812
3.39746094
3.3125
3.60839844
3.76757812
3.98632812
4.25488281
4.34667969
4.71484375
3.56738281
-0.465820312
0.52734375
0.06640625
-0.982421875
-1.02246094
-0.948242188
-0.865234375
-0.717773438
-0.57421875
-0.571289062
-0.625
-0.623046875
-0.543945312
-0.409179688
-0.323242188
-0.099609375
-0.16015625
-0.106445312
-0.25
-0.234375
-0.254882812
-0.192382812
-0.220703125
-0.201171875
-0.30078125
-0.025390625
-0.001953125
0.04296875
0.135742188
0.056640625
0.220703125
-2.36914062
-3.85058594
0.543945312
0.625976562
0.0791015625
-0.0166015625
-0.0439453125
0.025390625
0.115234375
0.283203125
0.381835938
0.313476562
0.220703125
0.224609375
0.501953125
0.555664062
0.78515625
0.688476562
0.6875
0.658203125
0.756835938
0.764648438
0.759765625
0.6328125
0.869140625
0.791015625
0.9296875
1.07519531
0.908203125
1.03808594
1.07421875
1.14550781
0.099609375
-1.95800781
1.58886719
2.08886719
1.89355469
1.74902344
1.70214844
1.72265625
1.72167969
1.69824219
1.64453125
1.55859375
1.52929688
1.625
1.60742188
1.50585938
1.42285156
1.51074219
1.60644531
1.63378906
1.54101562
1.484375
1.49121094
1.6328125
1.59570312
1.43652344
1.37792969
1.41308594
1.48925781
1.60644531
1.71875
1.8203125
2.39257812
0.7578125
-2.74707031
-2.81640625
-2.6015625
-2.48632812
-2.43359375
-2.59863281
-2.81152344
-2.98535156
-3.13085938
-3.203125
-3.26953125
-3.46875
-3.85742188
-4.18359375
-4.49804688
-4.83496094
-5.08789062
-5.30078125
-5.48339844
-5.71289062
-5.91699219
-6.06152344
-6.29394531
-6.49707031
-6.72363281
-7.15136719
-7.37695312
-7.62792969
-8.05175781
-8.4921875
-4.89257812
-1.17871094
-1.47070312
-1.20605469
0.3046875
0.23828125
0.213867188
0.1484375
-0.0693359375
0.0673828125
0.286132812
0.170898438
0.0068359375
-0.0810546875
0.0693359375
0.0576171875
0.274414062
0.107421875
-0.314453125
-0.1796875
0.1328125
0.290039062
0.0419921875
-0.25390625
0.037109375
0.184570312
0.221679688
0.284179688
-0.385742188
-0.2109375
0.0107421875
-0.232421875
-0.37109375
1.28710938
