1.52108121e+00
0.00000000e+00
3.40248346e+00
7.75759816e-01
1.24562240e+00
1.59629917e+00
0.00000000e+00
5.72448224e-02
9.25579846e-01
2.82757044e-01
1.77151799e+00
1.31643724e+00
0.00000000e+00
1.47361994e+00
1.93734074e+00
0.00000000e+00
0.00000000e+00
1.54590762e+00
3.03470999e-01
1.08608043e+00
0.00000000e+00
0.00000000e+00
6.65934861e-01
1.05872643e+00
0.00000000e+00
2.63144791e-01
3.62126492e-02
1.09619856e+00
6.03938699e-01
0.00000000e+00
4.81645703e-01
9.18282568e-01
0.00000000e+00
2.29691815e+00
1.23629713e+00
0.00000000e+00
0.00000000e+00
5.12928963e-01
1.19773543e+00
1.72862804e+00
0.00000000e+00
1.54502606e+00
1.21769512e+00
0.00000000e+00
3.61683637e-01
3.27812403e-01
1.54206979e+00
0.00000000e+00
3.28648925e-01
0.00000000e+00
8.29974592e-01
0.00000000e+00
0.00000000e+00
0.00000000e+00
1.79986417e-01
0.00000000e+00
1.23970211e-01
0.00000000e+00
2.28776336e-01
0.00000000e+00
2.52991498e-01
2.07748711e-01
3.73410404e-01
0.00000000e+00
1.01609671e+00
1.42883575e+00
0.00000000e+00
1.78665781e+00
2.83807099e-01
3.52544427e-01
8.96521807e-01
6.05059087e-01
4.41688120e-01
0.00000000e+00
0.00000000e+00
7.56914914e-01
7.31787145e-01
0.00000000e+00
5.76636255e-01
1.23763919e+00
6.45654917e-01
1.62975836e+00
0.00000000e+00
1.55542719e+00
9.52275395e-01
3.73399347e-01
1.11391664e+00
2.05233008e-01
1.48373902e-01
0.00000000e+00
3.67557585e-01
1.28148353e+00
2.11425710e+00
0.00000000e+00
6.38811707e-01
1.70875895e+00
1.70239341e+00
8.19195747e-01
2.22661066e+00
0.00000000e+00
6.78849101e-01
2.53149211e-01
0.00000000e+00
5.61354339e-01
6.67133629e-01
1.91519642e+00
1.17032337e+00
8.09723973e-01
0.00000000e+00
2.17022657e+00
3.66820991e-01
4.36644405e-02
1.21964216e+00
0.00000000e+00
1.75754154e+00
8.24971795e-02
1.20886147e+00
1.55124736e+00
2.86027938e-01
5.68073809e-01
8.94073963e-01
5.17068684e-01
2.26063251e+00
5.84382951e-01
0.00000000e+00
1.22538888e+00
1.99370766e+00
2.16641307e-01
1.10703146e+00
1.83923590e+00
0.00000000e+00
2.49061728e+00
4.79078054e-01
4.90180463e-01
1.32754171e+00
9.35177445e-01
3.53724360e-02
0.00000000e+00
0.00000000e+00
1.76143515e+00
1.69865441e+00
0.00000000e+00
7.28739202e-01
2.56189108e+00
0.00000000e+00
1.17030489e+00
1.27983868e+00
0.00000000e+00
1.10990834e+00
5.76703668e-01
5.63064635e-01
1.16385007e+00
5.24492979e-01
1.72530615e+00
2.52169698e-01
0.00000000e+00
4.12986338e-01
2.42910290e+00
0.00000000e+00
2.62942612e-01
0.00000000e+00
1.13393211e+00
0.00000000e+00
5.88546872e-01
7.15386927e-01
0.00000000e+00
5.38518906e-01
4.00184810e-01
5.33874094e-01
8.44800770e-02
0.00000000e+00
0.00000000e+00
1.18377542e+00
0.00000000e+00
0.00000000e+00
1.05157733e+00
0.00000000e+00
8.64605606e-01
0.00000000e+00
3.05417717e-01
0.00000000e+00
0.00000000e+00
5.51343739e-01
2.71618366e-01
0.00000000e+00
0.00000000e+00
0.00000000e+00
4.78495181e-01
4.05480564e-01
0.00000000e+00
0.00000000e+00
1.92092466e+00
4.24998224e-01
2.69522458e-01
0.00000000e+00
1.10940015e+00
1.13843465e+00
7.05192745e-01
5.63293219e-01
6.15918696e-01
5.08139729e-01
0.00000000e+00
0.00000000e+00
8.43339562e-01
6.73584998e-01
2.36740932e-01
1.06999111e+00
1.95285273e+00
0.00000000e+00
1.61353743e+00
1.67089283e+00
8.88337255e-01
6.78270876e-01
0.00000000e+00
0.00000000e+00
4.39853907e-01
0.00000000e+00
0.00000000e+00
0.00000000e+00
0.00000000e+00
4.28892076e-01
0.00000000e+00
0.00000000e+00
0.00000000e+00
0.00000000e+00
0.00000000e+00
6.48643613e-01
0.00000000e+00
0.00000000e+00
0.00000000e+00
0.00000000e+00
0.00000000e+00
0.00000000e+00
7.92580009e-01
1.13344932e+00
4.49409604e-01
0.00000000e+00
1.41231489e+00
0.00000000e+00
0.00000000e+00
5.96005440e-01
0.00000000e+00
0.00000000e+00
2.95646667e+00
1.04230702e+00
1.99989843e+00
0.00000000e+00
0.00000000e+00
6.07531071e-01
5.07766008e-01
1.93175822e-01
3.48148137e-01
7.75756836e-01
1.54208636e+00
7.08095670e-01
0.00000000e+00
