-4.09183800e-02
-4.64571044e-02
1.04698308e-01
2.22531110e-01
1.97019175e-01
7.70698488e-02
-4.03099912e-05
1.37720436e-01
1.28930166e-01
5.79309836e-02
2.02498749e-01
-6.53176457e-02
1.59313947e-01
-6.19211560e-03
3.70914191e-01
1.22960106e-01
-5.46696484e-02
9.81530249e-02
1.42849400e-03
9.38140005e-02
1.56537816e-01
1.28183916e-01
1.55801684e-01
5.87404594e-02
6.20555766e-02
-1.34400636e-01
-2.77522039e-02
1.77112475e-01
-4.81005311e-02
-4.84088669e-03
-6.23276979e-02
8.89595374e-02
-9.65690687e-02
-1.03588283e-01
-6.74594566e-02
2.03446046e-01
-2.41424795e-02
-2.22827360e-01
-3.83606995e-03
-4.97026145e-01
2.73182034e-01
2.47357577e-01
-2.03483358e-01
4.91446108e-02
4.94431138e-01
-7.63881058e-02
-1.40967205e-01
-2.79644638e-01
3.55914533e-02
2.03399107e-01
-1.20988414e-02
-3.76297593e-01
5.11003286e-02
1.86225668e-01
1.47922456e-01
-1.49211153e-01
-1.48757592e-01
9.17139812e-04
-7.97960758e-02
5.25502041e-02
2.24490017e-01
8.92542955e-03
1.86752945e-01
-1.40334396e-02
2.40230896e-02
-1.42432870e-02
1.63662344e-01
2.51773506e-01
8.18636596e-01
-1.35521442e-01
1.35497591e-02
-1.23959400e-01
-5.64203002e-02
-1.87203154e-01
-5.81103116e-02
1.39192179e-01
1.42019391e-01
-4.65300940e-02
-2.70942330e-01
3.41258235e-02
-9.27061588e-03
1.72976106e-01
-2.43467968e-10
1.86584052e-02
2.00089201e-01
-1.47439465e-01
2.42501155e-01
3.00268054e-01
2.23099180e-02
-1.30127044e-02
-1.54624805e-01
-1.81336388e-01
-5.84926195e-02
-3.42239253e-02
1.17925838e-01
-4.02734458e-01
1.29358456e-01
7.39697069e-02
1.25550840e-03
9.98370275e-02
2.19418872e-02
2.26413198e-02
8.96179699e-06
-2.01661028e-02
2.43384810e-03
1.72541644e-02
1.18427522e-01
1.53610498e-01
2.98746943e-01
3.73648070e-02
1.61239937e-01
1.04774587e-01
1.30278794e-02
6.46515861e-02
3.74517484e-09
1.36387706e-01
-4.36554030e-02
-1.12159001e-02
2.21231934e-02
1.63776368e-01
5.87059483e-02
4.63454798e-03
7.23853260e-02
1.60627872e-01
1.17802314e-01
8.43077675e-02
1.27782272e-02
2.86716353e-02
8.77337977e-02
8.42078477e-02
2.08070539e-02
1.41480148e-01
8.59636441e-02
1.09430395e-01
-5.02009073e-07
2.29986254e-02
2.26579443e-01
3.01239472e-02
2.26860479e-01
1.39270216e-01
2.07843646e-01
2.73634139e-02
1.78799734e-01
-2.43592020e-02
-2.89355661e-03
1.75771732e-02
-8.96212105e-10
1.20646000e-01
-3.22094522e-02
3.91390584e-02
6.23459071e-02
1.20247923e-01
5.16822077e-02
8.03139880e-02
7.52352327e-02
1.31115630e-01
9.83341336e-02
1.15085356e-01
-2.96865101e-03
7.68953487e-02
1.01443328e-01
7.35934377e-02
9.13940892e-02
2.05555454e-01
2.53792822e-01
1.70591965e-01
1.89949824e-05
8.24691802e-02
6.00976273e-02
6.16644211e-02
1.61569268e-01
-1.35594765e-02
3.14518571e-01
-3.47536453e-03
7.78343007e-02
3.68894786e-01
-3.42028663e-02
2.14104116e-01
1.49098320e-11
-5.39442524e-02
7.04896152e-02
6.24969974e-03
1.98958814e-02
2.48601168e-01
1.43344164e-01
5.93780391e-02
-1.17212895e-03
5.32522127e-02
6.37312606e-02
1.75557041e-04
3.25394096e-03
1.82514340e-01
4.40479219e-01
2.46621326e-01
1.27871543e-01
2.04320565e-01
7.81988382e-01
2.07215711e-01
8.35694652e-03
9.03095528e-02
-2.23874271e-01
2.12595444e-02
4.45281938e-02
2.11250514e-01
6.16031233e-04
-5.51142171e-02
-1.73177466e-01
-8.47020075e-02
-3.53077650e-02
2.97203392e-01
-1.13664055e-02
1.37156293e-01
-2.19400957e-01
7.39720464e-03
2.42341891e-01
7.09937155e-01
-7.33454004e-02
-1.04327358e-01
-4.17755157e-01
5.39461151e-02
6.11579642e-02
-1.87534511e-01
2.06344381e-01
-1.89515233e-01
6.44134283e-02
9.84617695e-02
6.41336143e-02
3.44734229e-02
-1.34913400e-01
4.66060638e-02
1.12261879e-03
1.32964598e-02
2.04988271e-01
1.16764702e-01
1.23394042e-01
-1.61172729e-02
3.67692083e-01
-2.12098479e-01
3.46426517e-01
2.04962149e-01
2.13661976e-02
2.05623195e-01
-4.41957937e-09
-2.34669864e-01
1.12578318e-01
-7.13483151e-03
-2.12522876e-02
-1.54451989e-02
2.47533210e-02
3.00919339e-02
1.37639225e-01
2.33796090e-01
1.71897992e-01
-8.31695125e-02
9.22062248e-02
1.30420998e-01
1.26137778e-01
2.01217294e-01
-1.03273340e-01
1.29041716e-01
4.24769260e-02
-3.11403573e-02
1.45694328e-04
-1.83126330e-02
2.01665312e-01
-4.69810143e-03
-2.26430818e-01
1.22212127e-01
-1.48656130e-01
1.46090006e-02
1.19109750e-01
-1.94700181e-01
-1.56836644e-01
-2.96752285e-02
1.19105233e-02
-2.12260857e-01
-1.54368341e-01
1.21793307e-01
2.87412815e-02
1.66822866e-01
1.12417653e-01
-8.98162127e-02
-1.47698149e-02
2.06666514e-01
6.07364252e-02
7.63757154e-02
1.00974021e-02
1.40943617e-01
1.12447232e-01
-7.81040415e-02
-8.67940858e-02
-1.45549163e-01
-2.08172932e-01
3.99078816e-01
-4.11914050e-04
1.14775002e-01
5.59760295e-02
1.53154254e-01
3.69365931e-01
2.72947755e-02
1.84972331e-01
-1.71742916e-01
7.14766458e-02
2.87698388e-01
8.64273310e-03
-3.08086812e-01
6.64913154e-04
5.88704683e-02
-8.47413689e-02
-1.01502739e-01
-4.79596294e-02
-3.11946750e-01
1.92859918e-02
9.45544541e-02
-1.98573377e-02
1.09094240e-01
-1.88914210e-01
8.14857632e-02
-3.87677960e-02
-5.62655292e-02
2.11450681e-01
-3.36766876e-02
1.64973419e-02
-1.63941309e-01
4.89663258e-02
3.10480669e-02
-8.15658132e-04
-2.72641480e-02
2.02377755e-02
-4.49155495e-02
-2.87782925e-04
4.28056121e-02
1.05212606e-01
-3.32074724e-02
4.64854866e-01
1.84012264e-01
5.59498854e-02
1.02450848e-01
-2.19592289e-10
3.60758789e-02
8.37794617e-02
3.60589251e-02
-1.38868233e-02
-5.82865998e-02
3.30517739e-02
4.44961861e-02
8.59310403e-02
7.88115524e-03
2.49202996e-01
-4.40042913e-02
3.47880051e-02
5.68058230e-02
1.83713853e-01
2.10880280e-01
2.85691209e-02
1.79646194e-01
2.11633176e-01
4.13168967e-02
-2.00445717e-03
1.14861436e-01
1.19278058e-01
-9.37013328e-03
-1.58466756e-01
2.02426896e-03
1.07147396e-01
2.63465978e-02
1.48602724e-01
1.82167247e-01
-1.70824692e-01
1.08137615e-01
8.92525190e-04
-7.26009384e-02
-1.76100299e-01
1.35836720e-01
3.80105563e-02
1.90861776e-01
8.53503793e-02
1.33895397e-01
-6.90030605e-02
8.93871561e-02
4.63557728e-02
1.37208477e-01
5.78458384e-02
1.05581820e-01
1.92389295e-01
-6.85111582e-02
-2.82111187e-02
-1.07111916e-01
1.97686683e-02
1.22806214e-01
3.90469306e-03
4.59142327e-02
4.29453282e-03
2.17329323e-01
6.93961382e-02
1.90688446e-01
9.67788845e-02
-4.15618867e-02
-4.01527956e-02
1.45008370e-01
-7.35537335e-02
-3.22531089e-02
-8.56716279e-03
-1.10892080e-01
-1.07050635e-01
1.28076747e-01
4.21859808e-02
1.14522971e-01
6.69055954e-02
1.88945517e-01
4.90355715e-02
3.55773084e-02
-9.23578627e-03
1.63333733e-02
1.06809840e-01
2.73814183e-02
8.12031701e-02
1.85943376e-02
6.25384971e-02
1.54170647e-01
1.43034458e-01
8.42679888e-02
4.65614676e-07
1.52536370e-02
2.00866073e-01
2.28061937e-02
1.05749108e-01
1.30096108e-01
3.52399051e-01
6.01397939e-02
2.21010432e-01
3.56004797e-02
1.66877490e-02
8.51738825e-02
1.22604497e-05
5.34315705e-02
-8.09316188e-02
1.03207245e-01
4.83321324e-02
2.73125768e-01
8.49032328e-02
6.09019585e-02
-7.45819956e-02
7.37437308e-02
-6.69799373e-03
1.06388196e-01
-1.90589689e-02
1.20196410e-01
2.42750332e-01
1.35273337e-01
2.27851897e-01
1.28765494e-01
6.68065101e-02
1.83571398e-01
5.67340152e-03
1.58289254e-01
1.56207874e-01
-1.60002410e-02
7.32637942e-02
3.55250128e-02
1.01019979e-01
1.00098126e-01
5.15718102e-01
1.66490123e-01
-1.88463703e-01
1.66016713e-01
-4.49486561e-06
-1.11109465e-01
-7.41350353e-02
7.37016201e-02
9.21679884e-02
1.00606985e-01
1.37663800e-02
7.34127164e-02
-2.15518493e-02
1.32162645e-01
2.43005022e-01
1.97571248e-01
4.74484786e-02
-8.20787475e-02
-3.96964550e-01
1.61391377e-01
1.59571975e-01
2.33614683e-01
2.66956091e-01
2.66883522e-01
2.66604620e-04
1.49012163e-01
4.01552737e-01
-3.07494253e-02
4.24501628e-01
-7.41700530e-02
6.65170491e-01
2.13307515e-02
-6.37264028e-02
4.94864546e-02
2.26516593e-02
2.15839684e-01
2.22912772e-10
1.23393059e-01
1.22304164e-01
-1.12861462e-01
6.32271245e-02
5.05119413e-02
-1.23630818e-02
1.34928171e-02
-2.56134681e-02
1.84008703e-01
3.73745084e-01
9.45328772e-02
1.37855768e-01
1.06718339e-01
-1.46901965e-01
-1.50426686e-01
6.59805089e-02
1.89945355e-01
3.67634863e-01
-3.39712620e-01
-6.91748690e-03
-2.08596632e-01
-1.54134706e-01
-1.59006014e-01
-2.55463392e-01
3.03522162e-02
1.53551847e-01
6.73512369e-02
-1.68203443e-01
3.85390699e-01
-8.25572237e-02
1.77901715e-01
2.11656466e-03
1.20722137e-01
-3.20547909e-01
2.01832548e-01
2.02779621e-02
3.11093748e-01
2.00979203e-01
-7.34461471e-02
-5.75081781e-02
2.03688100e-01
9.67442244e-02
4.63478863e-02
-2.41578184e-02
1.97510608e-02
-5.89652061e-02
1.21151045e-01
-2.88607180e-01
-2.09654123e-01
-4.72730212e-02
5.72902441e-01
-4.35541035e-04
1.99776411e-01
-7.45239630e-02
-1.45087138e-01
4.86193508e-01
8.25353190e-02
3.79446149e-01
-8.93260092e-02
-2.96070874e-01
3.62691619e-02
1.53571330e-02
-1.59261599e-01
2.22477373e-02
2.28988752e-01
-9.80276689e-02
-4.79432307e-02
-1.23431481e-01
-3.55676818e-03
-5.32130040e-02
6.66771922e-03
-6.99846447e-02
-1.03757180e-01
-2.17416257e-01
-6.09284416e-02
-5.36947027e-02
1.74692702e-02
2.38929421e-01
2.41252482e-01
2.08326802e-02
2.68503129e-02
1.17574364e-01
-8.90691057e-02
7.81084145e-06
-1.07446544e-01
3.22538197e-01
9.89768803e-02
-1.63460165e-01
2.09327489e-01
-7.92922601e-02
6.69024959e-02
-4.07265633e-01
-1.93060711e-01
-4.33499441e-02
-1.40425220e-01
3.83449369e-04
-3.48987207e-02
-4.85575259e-01
9.48650241e-02
6.31976053e-02
4.86897975e-01
-7.35897720e-02
1.72572657e-02
-6.31207526e-02
1.86081871e-01
3.01919252e-01
-4.85639423e-02
9.03696120e-02
1.61098704e-01
2.66647875e-01
-9.69860554e-02
-2.26022258e-01
-2.25725118e-02
-5.62141277e-03
-5.51721789e-02
4.72949469e-05
1.82577848e-01
1.11949280e-01
3.05605143e-01
-2.71410853e-01
1.40472427e-01
-1.73590124e-01
1.05582476e-02
-3.91641736e-01
2.37903684e-01
-1.40321851e-01
-1.03246517e-01
4.37115831e-03
-4.73503396e-02
-3.39498103e-01
-7.83474445e-02
-2.05270216e-01
2.67560422e-01
1.25827894e-01
7.11606517e-02
-1.19877510e-01
1.22374170e-01
-8.58143345e-02
-8.57927874e-02
-2.36470282e-01
1.41840532e-01
-6.01172969e-02
1.62401766e-01
-3.46075669e-02
4.36464660e-02
6.79681152e-02
-1.71781465e-01
1.13725597e-02
1.52074816e-02
5.53227186e-01
5.14208972e-02
-5.36940759e-03
7.18202740e-02
-2.11283546e-02
3.19689550e-02
-6.25043660e-02
-2.74970174e-01
-1.40016779e-01
-1.35361627e-01
-6.42446009e-03
2.06530109e-01
1.86596683e-03
3.36562768e-02
5.53031713e-02
1.65035382e-01
-1.54545218e-01
3.41883227e-02
-4.54417057e-02
1.57618105e-01
3.44687849e-01
-1.11444756e-01
1.16047315e-01
9.63001028e-02
2.13925272e-01
2.66532183e-01
3.98719572e-02
2.09573880e-01
4.89854127e-01
3.30419019e-02
-3.12698260e-03
-6.77308962e-02
1.69380438e-02
4.54252101e-02
-3.20078172e-02
1.00136749e-01
2.74947107e-01
8.71077180e-02
2.10983694e-01
1.95139587e-01
-2.45680269e-02
1.76684558e-01
-9.63357305e-09
1.03076346e-01
7.56557006e-03
1.13445193e-01
8.04016963e-02
2.02454045e-01
3.33296955e-02
7.34770074e-02
1.36144772e-01
-2.31295541e-01
1.94909453e-01
3.40719193e-01
7.36764446e-02
-5.46933226e-02
1.76486477e-01
9.12173316e-02
-2.60156151e-02
-1.75089315e-01
4.26666476e-02
1.02203041e-01
-3.72786447e-03
-2.29596302e-01
-1.60856321e-01
7.77159482e-02
-1.46147087e-01
9.39194858e-02
3.74749079e-02
2.56253276e-02
1.01246387e-01
3.90708387e-01
1.37078285e-01
-2.62378126e-01
-7.01205852e-03
5.15372269e-02
-4.03608680e-01
9.43958685e-02
-1.10877156e-01
3.14860553e-01
1.14227250e-01
1.80222943e-01
-1.36235550e-01
2.27829829e-01
1.81912690e-01
9.95137170e-02
8.85108858e-02
7.42175728e-02
-2.78069526e-02
1.68868974e-01
-4.10217270e-02
6.02236763e-02
1.09541580e-01
-6.87709600e-02
-2.25684344e-05
-8.38222876e-02
2.03565195e-01
-1.03023924e-01
-2.61590034e-02
-5.63725643e-02
7.20484182e-02
4.40639444e-02
1.64627880e-01
-1.70493111e-01
5.54989325e-03
2.41246521e-02
7.56899765e-10
5.03690802e-02
3.09101585e-02
8.86344910e-02
3.15305293e-02
-3.16881500e-02
-4.10510972e-02
2.71730237e-02
1.32734969e-01
1.18670121e-01
2.30372638e-01
1.78300012e-02
6.37751073e-02
1.24813326e-01
2.78010964e-01
-9.66300815e-02
-1.71536341e-01
-3.52733433e-01
-3.51742029e-01
2.52809525e-01
6.37599407e-03
-1.67416140e-01
2.59544581e-01
1.20335408e-01
1.94410771e-01
7.74868205e-02
1.38946641e-02
8.88238177e-02
-1.05633833e-01
1.21951781e-01
-3.58048938e-02
-4.07574624e-01
-1.34262452e-02
1.95287708e-02
-2.80718021e-02
-1.65260002e-01
-2.69295126e-01
2.03209836e-02
-2.18645111e-01
-1.29672186e-02
1.69274777e-01
1.49030969e-01
5.73252380e-01
-1.83589026e-01
6.08358867e-02
3.11829180e-01
7.67844245e-02
1.02078930e-01
4.04408313e-02
5.74875809e-02
8.79815072e-02
9.24043134e-02
2.29078682e-06
2.94664297e-02
-4.93217409e-02
5.99922128e-02
1.75274208e-01
1.34074956e-01
3.17745477e-01
4.41277660e-02
1.99111745e-01
1.02026664e-01
4.92435284e-02
1.44213550e-02
1.47174842e-05
1.32053748e-01
5.18822223e-02
-1.91130501e-03
1.88307595e-02
9.70031992e-02
6.99583665e-02
5.18033840e-02
4.40430641e-02
1.32339686e-01
1.40671030e-01
4.85149361e-02
3.29536106e-03
2.56680772e-02
2.20946416e-01
1.63805589e-01
1.46011701e-02
4.62286770e-02
4.51649763e-02
3.89104113e-02
8.48299078e-06
-6.34963661e-02
1.12457447e-01
8.43438581e-02
1.84320770e-02
1.78733155e-01
1.56239480e-01
-1.88092105e-02
7.31853545e-02
-8.24397951e-02
5.57200750e-03
-1.87426675e-02
2.34877680e-05
4.07660790e-02
-2.03526005e-01
6.59494568e-03
3.57052833e-02
1.85107321e-01
5.00651039e-02
3.76917906e-02
1.10016286e-01
1.50721103e-01
1.34086892e-01
9.15844962e-02
3.36686000e-02
8.32082629e-02
2.13165402e-01
2.09061489e-01
4.40611839e-02
6.40249997e-02
1.94269359e-01
-1.48112595e-01
3.12264101e-03
-8.07010680e-02
2.91968942e-01
2.42403552e-01
4.70247790e-02
2.10188583e-01
2.78549064e-02
-1.53731816e-02
-8.16961005e-02
2.22221330e-01
1.15890965e-01
9.38173234e-02
2.50918619e-09
1.40056819e-01
1.21277191e-01
9.18857232e-02
-2.23232657e-02
3.41608703e-01
1.29243821e-01
1.67241260e-01
-1.78095117e-01
-4.85127419e-02
1.38765588e-01
1.85326859e-02
-1.74234081e-02
1.73891574e-01
2.75419146e-01
1.10912407e-02
-9.99426246e-02
-1.46960393e-01
8.47309977e-02
6.40696138e-02
1.44274358e-03
3.02674714e-03
2.56180223e-02
1.37518436e-01
7.86498338e-02
2.01710582e-01
2.16322113e-02
-7.28818104e-02
-1.91387489e-01
6.82010129e-03
-5.51540665e-02
-8.34343657e-02
-2.21989099e-02
-2.76516285e-02
-2.52609588e-02
1.61509573e-01
1.11804518e-03
2.37599164e-01
1.38780698e-02
9.47482064e-02
3.91051695e-02
1.06418133e-01
3.93917710e-02
1.16681837e-01
2.01447144e-01
1.20132051e-01
-7.43162483e-02
1.84452251e-01
2.45433837e-01
2.27970600e-01
4.55900133e-02
-2.59357482e-01
-1.45697372e-03
-6.65836111e-02
5.20048151e-03
8.65648761e-02
-2.41036221e-01
8.34155008e-02
-2.18321800e-01
-5.69914132e-02
3.19907904e-01
1.39874935e-01
-1.12262353e-01
1.72768682e-01
2.15576347e-02
-7.64392689e-02
-1.05790354e-01
4.82109096e-03
6.15513436e-02
2.14023024e-01
1.38161808e-01
1.80093080e-01
1.60302401e-01
3.45091410e-02
-1.81117728e-01
1.57010823e-01
5.32705709e-02
-9.97769907e-02
2.39145592e-01
1.07298419e-01
4.45644930e-02
5.32305092e-02
-2.29375780e-01
-1.24472613e-02
-5.06221841e-04
9.91373062e-02
1.38241678e-01
-5.86635619e-02
-2.05413520e-01
3.56211551e-02
4.40262377e-01
-7.46321082e-02
1.00534812e-01
2.10462615e-01
-6.58758283e-02
-7.94186965e-02
-1.96672766e-03
-9.73984003e-02
-3.23961437e-01
-4.73390426e-03
-4.50005643e-02
1.98486075e-01
3.36994417e-02
-4.29392643e-02
9.78891775e-02
1.60563454e-01
1.48663864e-01
1.00737251e-01
-6.52446551e-03
3.50751206e-02
-5.67594022e-02
7.66100436e-02
7.00631319e-03
-1.28411248e-01
-7.23079741e-02
1.18636794e-01
6.24468667e-04
-3.57803851e-02
2.45733321e-01
6.43904358e-02
1.04794174e-01
7.88316727e-02
1.69634655e-01
1.35757197e-02
1.31218180e-01
1.37679845e-01
7.21788481e-02
-1.18585462e-02
1.54696740e-04
3.56350243e-02
-4.25025038e-02
1.07347317e-01
3.35405692e-02
-5.22182230e-03
8.82431641e-02
-5.00102602e-02
7.82194063e-02
4.13586237e-02
2.13916168e-01
8.05448368e-02
-1.08593982e-02
1.75603986e-01
