1.26353547e-01
1.63399443e-01
2.64035352e-02
1.86231807e-01
2.22929314e-01
4.39339131e-02
7.07993877e-06
9.20947418e-02
3.51715833e-02
4.32009548e-02
4.38418947e-02
1.53576925e-01
1.03119865e-01
-6.01600623e-03
1.04401685e-01
-4.73937904e-03
-1.41902328e-01
5.53325899e-02
1.76842266e-03
-6.85506240e-02
1.56754240e-01
1.03199206e-01
5.59915937e-02
1.63061932e-01
4.87665758e-02
6.60621449e-02
1.21129945e-01
4.10694182e-02
-8.32764506e-02
1.75424233e-01
6.58893138e-02
8.44963044e-02
2.76335865e-01
6.38663545e-02
1.34625643e-01
-2.95108221e-02
-7.75641054e-02
-2.59711921e-01
-1.26878014e-02
2.26360738e-01
4.26058859e-01
4.42097515e-01
-6.44101426e-02
1.64363027e-01
-4.01431948e-01
2.91623250e-02
-1.11258335e-01
4.79749264e-03
-1.44519672e-01
6.08477229e-03
5.22016671e-06
-2.98385501e-01
1.06488563e-01
-3.55580077e-02
6.68344945e-02
1.60055861e-01
-9.21709016e-02
2.17672825e-01
-3.13563764e-01
2.46805698e-01
5.52138865e-01
-1.16661735e-01
-6.03347411e-03
4.92217124e-01
-9.54717994e-02
-1.01701342e-01
-1.72565728e-01
-2.30961591e-01
-1.25624925e-01
-8.43401849e-02
-2.59924284e-03
6.95651834e-05
3.18236172e-01
9.77460891e-02
9.20565706e-03
4.70487922e-02
-1.52524754e-01
2.69963562e-01
2.48114794e-01
-2.07547583e-02
1.26593634e-01
-1.50987253e-01
7.38777732e-03
-9.53831449e-02
-3.71927321e-01
1.75543688e-02
-5.25535718e-02
-3.47062081e-01
1.42724495e-02
-2.07689479e-01
7.66205192e-02
5.67882776e-01
2.81662762e-01
7.22695235e-03
-1.12121655e-02
9.33420472e-03
1.62063405e-01
2.60353647e-02
9.52561796e-02
1.02178477e-01
-2.34884098e-02
-1.71886772e-01
3.10218264e-03
-9.64936167e-02
-1.56748462e-02
1.53615877e-01
-8.50442871e-02
1.25841871e-01
1.50050506e-01
1.62374869e-01
-9.44990814e-02
3.62615474e-02
-2.73080498e-01
-2.56538630e-01
-1.89319458e-02
-4.59202118e-02
-2.70288866e-02
-6.66073039e-02
7.97982886e-02
1.60058528e-01
2.73923241e-02
1.57687560e-01
-1.94732890e-01
2.85798699e-01
-6.50786012e-02
1.24863721e-01
1.13757595e-01
5.40793687e-02
7.77702853e-02
5.85761480e-03
4.29815352e-02
2.33456660e-02
-2.70005781e-02
8.05490762e-02
-6.02974251e-05
-5.16514592e-02
1.99466832e-02
8.14693421e-02
-7.65984803e-02
1.69694021e-01
-1.60021022e-01
1.56202778e-01
-3.60011943e-02
-3.37925069e-02
-1.80043772e-01
1.99701842e-02
1.64927002e-02
-8.28120857e-02
-1.76701874e-01
1.71418395e-02
1.07603759e-01
1.54529586e-01
1.56228757e-02
1.59221694e-01
-9.68805701e-02
-2.69897934e-02
1.42099848e-02
8.62978324e-02
1.69773594e-01
2.37468466e-01
-4.42169718e-02
9.84357297e-02
1.35159835e-01
2.47204989e-01
5.25874078e-01
2.62286425e-01
1.91448012e-03
2.63595164e-01
3.69046554e-02
-2.69054994e-02
1.07996419e-01
-1.37475118e-01
-1.17471002e-01
-1.40221402e-01
-1.69213504e-01
5.58334887e-01
-1.21619776e-01
2.37781927e-01
-6.09097395e-09
-1.21260405e-01
1.47964388e-01
-9.40550268e-02
2.36846674e-02
2.09549025e-01
1.60600156e-01
-6.89645857e-02
-2.21056744e-01
6.08884133e-02
2.46922567e-01
-1.91162243e-01
1.80290461e-01
3.43993068e-01
3.41424197e-01
3.92558277e-02
-2.85124034e-01
-3.05447847e-01
-2.57176518e-01
-3.28403264e-01
-2.13050938e-04
-1.02794684e-01
4.53362195e-03
1.79807827e-01
-4.17997509e-01
2.15249658e-01
-1.67159796e-01
2.64872611e-01
3.04921448e-01
2.30585188e-01
-1.76960211e-02
-8.34560469e-02
-4.52403947e-05
-3.74456465e-01
-1.23045586e-01
1.39867917e-01
-1.15841448e-01
-6.28448501e-02
1.07665293e-01
3.48699540e-02
1.36977106e-01
-6.08577058e-02
-3.08491401e-02
3.17814276e-02
-1.88811824e-01
3.76203179e-01
-8.92207548e-02
3.29160810e-01
8.05093944e-02
2.19837636e-01
-9.21459347e-02
3.37231368e-01
3.07682459e-03
2.73256898e-01
2.91403830e-01
1.70989469e-01
4.42679703e-01
-3.46781611e-01
8.81989300e-02
-1.26072958e-01
2.58163035e-01
-1.53335288e-01
1.51680904e-02
1.05138063e-01
-5.04027121e-04
-3.23303103e-01
1.30002677e-01
1.47720754e-01
-2.13922691e-02
-3.10584188e-01
-1.18354652e-02
-1.23228878e-02
1.99939862e-01
-1.30631141e-02
3.92833054e-01
7.57666752e-02
-1.64758831e-01
2.60095686e-01
2.17205599e-01
1.07588738e-01
-7.89160430e-02
1.19180284e-01
9.19637606e-02
-5.46024507e-03
7.72573185e-05
3.50144282e-02
1.21095791e-01
6.31821007e-02
-1.50620103e-01
1.61220163e-01
-1.17245741e-01
1.07345261e-01
2.34026443e-02
-2.42147148e-02
-5.18530682e-02
7.68798962e-02
1.69341378e-02
-5.82808591e-02
-1.39957875e-01
1.93222970e-01
2.68376246e-02
1.51545420e-01
1.01332366e-01
-2.54221931e-02
-1.12548374e-01
1.02737442e-01
5.28813861e-02
7.63825178e-02
5.04061021e-02
1.43796667e-01
1.52682438e-02
1.72013745e-01
1.91318169e-01
7.31060058e-02
1.47416577e-01
1.00125168e-02
-1.48406054e-03
7.79079273e-02
7.06571788e-02
1.09868921e-01
1.14909217e-01
9.11716893e-02
-2.03919291e-01
1.06858730e-01
-2.94318777e-02
8.66026208e-02
-2.07990080e-01
-3.65857640e-03
2.21046545e-02
9.06155705e-02
-2.37833709e-03
1.51936218e-01
8.12009498e-02
1.39357463e-01
-1.01035975e-01
1.61950275e-01
1.49667665e-01
1.13548927e-01
-2.15267405e-01
3.45953554e-02
6.60792738e-02
5.62596507e-02
1.77413300e-01
-1.01794608e-01
1.00616619e-01
2.22726706e-02
1.84599757e-02
8.37120712e-02
-3.49773932e-03
-8.00906494e-02
-4.26225476e-02
-2.16751471e-02
-4.54305112e-02
1.35635540e-01
-2.97065489e-02
1.14277601e-01
1.94512486e-01
1.80331439e-01
-1.25290632e-01
-3.69961150e-02
-2.32534111e-03
-8.14750642e-02
2.79080421e-02
7.14433193e-02
3.72987539e-02
2.22475193e-02
-7.28367828e-03
1.06500134e-01
-1.07009366e-01
3.91275156e-03
4.30754460e-02
-3.47364433e-02
7.19113722e-02
-9.22650620e-02
5.91312572e-02
-1.47881985e-01
-2.23810598e-01
-1.87333480e-01
-3.50843608e-01
1.42079085e-01
-4.73506452e-06
9.94073898e-02
2.90614009e-01
7.82035068e-02
1.25415683e-01
9.13275406e-03
2.28053614e-01
-3.36529948e-02
3.87908161e-01
1.31090611e-01
-3.05824485e-02
-3.29284608e-01
-4.99940844e-09
1.03718460e-01
-9.81381088e-02
1.45742163e-01
-1.40884787e-01
-1.37098551e-01
1.16161712e-01
8.77914876e-02
1.47034794e-01
9.11467597e-02
3.68996412e-02
6.12423234e-02
-1.05517335e-01
1.55978128e-01
1.25372663e-01
4.68794443e-02
3.81525978e-02
1.55806681e-03
1.30442558e-02
2.45673731e-02
4.32431898e-06
-4.57244646e-03
2.32157305e-01
1.06611401e-01
2.79542089e-01
1.41868263e-01
9.92077738e-02
2.66040582e-02
1.03956682e-03
-6.92706974e-03
1.98805779e-02
6.58885343e-03
-9.19060875e-03
5.68729416e-02
4.41978648e-02
3.05493624e-04
-5.54874493e-03
1.29360437e-01
1.07667483e-02
1.26973763e-01
-1.26659600e-02
9.63775814e-02
1.54777437e-01
2.01690160e-02
3.33810449e-02
4.10927460e-02
2.38342002e-01
-1.58039793e-01
5.82083128e-02
2.11298138e-01
1.42820194e-01
-1.02448896e-01
-2.02924130e-03
-1.83889642e-01
-5.72296157e-02
1.64944470e-01
-3.34953874e-01
1.69262066e-01
1.71745658e-01
2.94005215e-01
4.29459251e-02
-1.83165938e-01
-1.24244027e-01
-2.08251789e-01
1.92601688e-03
-2.74793267e-01
-3.35803330e-01
2.09727094e-01
1.91670060e-01
1.77914068e-01
1.30860731e-01
1.82215452e-01
8.53702053e-02
-2.60961875e-02
-3.80172938e-01
1.75146252e-01
3.73119190e-02
3.19213830e-02
1.40750021e-01
1.55598238e-01
-1.80309594e-01
-1.46014318e-01
4.42523696e-02
2.23233998e-01
9.33028175e-04
2.93100566e-01
3.76388878e-01
3.10722172e-01
1.87049925e-01
1.72114745e-01
-1.85307473e-01
6.05791695e-02
6.98122531e-02
4.97803986e-02
-1.44577414e-01
1.42742500e-01
-1.04925409e-02
-6.25602603e-02
2.11508080e-01
5.04198633e-02
3.65532413e-02
3.03621292e-01
1.50074378e-01
2.49435723e-01
4.20849621e-02
-1.12749122e-01
1.17673934e-01
7.87819698e-02
1.62216961e-01
5.69731519e-02
1.10226408e-01
3.55992645e-01
7.76435137e-02
-2.55743563e-01
-8.05118009e-02
-2.91053772e-01
1.34063223e-02
-4.53696586e-02
7.06439257e-01
3.87505919e-01
2.56874621e-01
-3.28279398e-02
-1.06161967e-01
2.53444791e-01
-5.70779443e-01
7.42788985e-02
1.61355138e-02
2.84301460e-01
-6.74943393e-03
5.28414883e-02
3.44652146e-01
5.05645037e-01
-3.84035110e-02
-1.05436236e-01
-1.33547455e-01
2.93792963e-01
-3.92902583e-01
-7.16130957e-02
4.89221752e-01
5.45266092e-01
3.89276832e-01
1.61626503e-01
-9.28990170e-03
-2.41775244e-01
-9.46431141e-03
8.32614750e-02
2.54740000e-01
7.29911476e-02
-2.15055861e-05
9.36920121e-02
-1.17245384e-01
-5.34585789e-02
8.06462020e-02
6.10827915e-02
3.66325051e-01
9.24026072e-02
-8.28978643e-02
4.34809685e-01
-2.51336485e-01
8.02912787e-02
1.44834303e-05
6.74184263e-02
-1.21316314e-01
1.56775191e-01
1.63914380e-03
1.79638699e-01
5.52952252e-02
-1.22477964e-01
4.63988520e-02
1.26779541e-01
-3.03806633e-01
-1.09141968e-01
-6.61871657e-02
2.12203339e-01
-7.33962208e-02
-1.79203361e-01
-5.02544902e-02
1.33697808e-01
-2.24457458e-01
-1.55334100e-01
-3.43779800e-03
-3.11750263e-01
2.41260126e-01
2.32723385e-01
-1.82906508e-01
3.71534638e-02
1.03349775e-01
2.92620182e-01
-1.44449193e-02
-1.24641165e-01
6.25106692e-02
1.18153654e-01
8.59691761e-03
-3.09635103e-01
-2.09926758e-02
2.86870688e-01
2.84770161e-01
1.28633410e-01
-8.44969526e-02
-1.14542648e-01
2.63854861e-01
-5.68748489e-02
1.76014915e-01
3.58112482e-03
-7.84001425e-02
2.14413971e-01
3.65887165e-01
1.01380507e-02
-4.56299037e-02
1.04714125e-01
1.21034510e-01
-1.09340921e-01
8.54341546e-04
4.85866256e-02
-4.17975411e-02
1.45134255e-01
-1.82590544e-01
1.69091988e-02
1.43184736e-01
-5.48360683e-02
-2.29821771e-01
1.93727806e-01
-3.05827856e-01
9.87987295e-02
2.16785634e-09
-3.43194395e-01
-4.63070236e-02
1.07581109e-01
9.63814557e-02
3.28825742e-01
3.45207751e-02
2.49890462e-02
3.96689549e-02
1.18455283e-01
-1.98909283e-01
6.62866086e-02
1.15616843e-01
1.19854689e-01
2.39429191e-01
4.06380743e-02
-1.74015353e-03
-4.52739885e-03
1.45064712e-01
-3.57225277e-02
-2.22384472e-07
4.69650179e-02
-2.05760524e-02
-2.99290828e-02
-5.62125109e-02
8.32108632e-02
1.34473190e-01
6.41922355e-02
2.48310179e-01
2.76933491e-01
-8.34699124e-02
9.27222893e-02
1.19958010e-09
-1.36946952e-02
5.79952523e-02
5.41333295e-02
-4.22748886e-02
2.71562934e-01
5.14352471e-02
8.92491825e-03
5.61202802e-02
1.04760207e-01
1.12279020e-01
2.40067001e-02
-9.43432003e-03
1.74127027e-01
1.06638476e-01
7.05323666e-02
1.85665395e-02
2.13897824e-01
1.27835631e-01
-6.67416723e-04
3.60370450e-07
-2.65331231e-02
4.86642122e-02
2.68587340e-02
1.37344882e-01
7.45612457e-02
3.77847135e-01
2.26000454e-02
1.99577048e-01
1.16417281e-01
-8.54438264e-03
7.67736882e-02
6.14299334e-10
7.15028197e-02
2.41924077e-02
1.48758860e-02
-8.77486821e-03
2.32297853e-01
-1.82363801e-02
1.25398217e-02
-9.12466645e-03
1.54854789e-01
1.60755590e-01
8.99098366e-02
-2.05432754e-02
4.24425341e-02
-3.24779242e-01
-1.22125164e-01
-3.38330977e-02
-2.78647631e-01
-4.13203031e-01
-5.88149065e-03
-1.19759729e-02
-6.53317124e-02
5.21068454e-01
-1.34294078e-01
-3.22098583e-01
-1.91832315e-02
7.70191997e-02
2.70898461e-01
5.32633513e-02
-4.01846191e-04
1.29528686e-01
-1.45424470e-01
-6.19946746e-03
-5.93859442e-02
2.10552335e-01
2.80563653e-01
1.68865472e-01
-8.12024415e-01
-1.92924842e-01
-8.97068903e-02
3.89658823e-03
-1.79972216e-01
2.45470330e-01
1.53757870e-01
1.79525912e-01
2.89874792e-01
1.59020111e-01
-1.22756742e-01
1.26983419e-01
5.10555804e-01
1.95287675e-01
-5.54511100e-02
-4.01615351e-03
-1.78875446e-01
2.28757471e-01
1.38072416e-01
7.65601993e-02
1.19194627e-01
-3.52142662e-01
1.52450621e-01
-2.14774549e-01
1.31471410e-01
-4.22173291e-02
1.27960742e-01
-5.42769628e-03
3.51309836e-01
-3.28607336e-02
-3.65158826e-01
1.43026009e-01
2.69859701e-01
1.79956034e-01
2.18720898e-01
-3.22800428e-01
1.94449842e-01
1.03519507e-01
1.54149726e-01
1.62699640e-01
-2.00476721e-01
1.29376292e-01
1.07403353e-01
-1.01737119e-01
-1.86446756e-01
-1.43749982e-01
-1.04471087e-01
-6.19201688e-03
-9.16032866e-02
8.65463614e-02
1.18334830e-01
-2.63557881e-02
1.07915506e-01
-3.63173634e-01
2.21689939e-01
-1.11457296e-01
-5.01755737e-02
-2.56336108e-02
1.58346295e-02
-8.61174241e-03
2.36266330e-01
4.02862532e-03
2.52983463e-03
4.36302535e-02
9.90892202e-02
1.45590212e-02
9.88063635e-04
1.27684370e-01
5.05970381e-02
1.54224768e-01
-5.84354401e-02
1.94659188e-01
2.03051463e-01
1.49133101e-01
8.64385515e-02
7.94590712e-02
7.15468675e-02
-6.36880100e-02
3.99584174e-02
1.51065178e-03
1.73812092e-03
5.02584986e-02
-2.85488404e-02
1.40356243e-01
-9.36550573e-02
-1.66116253e-01
-2.50673294e-01
4.72761095e-01
-1.00144334e-02
3.81971113e-02
-1.55523285e-01
-2.91269998e-06
-1.22300513e-01
-1.66800749e-02
-2.76664812e-02
-2.75471788e-02
1.62094489e-01
-2.00701002e-02
-1.61934182e-01
1.40205607e-01
-1.20904455e-02
1.70850545e-01
-1.43568978e-01
1.35413840e-01
-6.15973435e-02
1.13611147e-01
-8.11871067e-02
8.88102502e-02
8.85200277e-02
-8.87893736e-02
2.38250736e-02
5.68912877e-03
1.34649321e-01
-1.10732980e-01
1.18693650e-01
-3.40288468e-02
9.89502445e-02
-4.03871350e-02
1.33703157e-01
1.39607787e-02
2.31237069e-01
-2.86656469e-02
-4.08328474e-02
6.50107744e-04
-6.23594932e-02
5.55267744e-02
-2.49088258e-02
5.08240461e-02
9.65757221e-02
-2.32978780e-02
9.82280225e-02
-4.50059474e-02
1.40103502e-02
-4.80841659e-02
-5.20519242e-02
1.20599635e-01
1.89581901e-01
2.82577604e-01
-3.91754601e-03
-1.05630837e-01
1.76449329e-01
-1.74438745e-01
-1.27585098e-01
2.42560240e-03
-8.36656317e-02
-2.72934046e-02
2.55527347e-01
-1.68266073e-01
1.75731897e-01
4.27563749e-02
-8.51574987e-02
-3.28530334e-02
-2.74298817e-01
-2.38799632e-01
-2.38234773e-01
-5.79849910e-03
-1.20426036e-01
-7.66077042e-02
-5.60269691e-02
8.32993761e-02
1.89929366e-01
1.08359352e-01
7.32399523e-02
9.97821316e-02
1.06942184e-01
5.67325428e-02
1.53222485e-02
1.41030118e-01
-5.98355047e-02
5.90863861e-02
1.55075431e-01
-3.77577962e-03
-2.39556208e-02
-1.44858599e-01
-1.20313279e-01
-1.93823304e-03
4.12731916e-02
6.79986924e-02
1.16939597e-01
-8.53456259e-02
-1.27509356e-01
-6.02497682e-02
-8.94593373e-02
1.09533528e-02
1.77346379e-01
7.55781233e-02
2.71950632e-01
1.49252784e-07
-1.64273292e-01
1.56568959e-01
-1.50041627e-02
-1.29241645e-01
1.26534879e-01
3.02273277e-02
8.29421636e-03
-6.79726303e-02
2.70323753e-02
-4.80650477e-02
-6.11023651e-03
-9.96972099e-02
3.18300515e-01
2.49474734e-01
-6.00262545e-02
-1.09129347e-01
1.28727015e-02
-2.12717261e-02
-5.97105138e-02
4.64026787e-04
8.15511495e-02
-1.75647903e-02
-1.97562184e-02
-1.69025868e-01
6.91227540e-02
2.17677444e-01
-2.35637892e-02
1.68600962e-01
-1.48539007e-01
4.37076166e-02
-2.24541709e-01
1.06363902e-02
-1.94431737e-01
-1.34413317e-01
-1.26784518e-01
-4.95878793e-02
1.57277480e-01
2.47866139e-02
-7.20204040e-02
1.57677025e-01
1.59933284e-01
5.55111654e-02
3.34210321e-02
-1.82639081e-02
1.30933717e-01
2.90510088e-01
1.26836598e-01
-1.52202651e-01
-1.52263278e-02
-3.44254851e-01
-2.38038510e-01
-2.44942959e-03
-1.14710927e-01
5.61405234e-02
1.64440677e-01
8.87233485e-03
2.55676031e-01
-1.50227904e-01
9.54597909e-03
-1.28141627e-01
7.14782700e-02
7.83217140e-03
2.25907322e-02
4.94477572e-04
-8.42992589e-02
-5.37904978e-01
5.61441407e-02
6.04263544e-02
2.39988044e-01
8.74884427e-03
8.59340057e-02
-2.94674277e-01
1.61636651e-01
2.71427125e-01
-9.53211486e-02
9.25406534e-03
2.54524529e-01
1.96294695e-01
1.32801488e-01
1.81788262e-02
6.63746893e-02
1.94118265e-02
-4.71538752e-02
2.47607153e-04
8.17533024e-03
-5.86179495e-02
2.58919504e-02
2.44088527e-02
2.67809834e-02
4.20287490e-01
-2.70759165e-02
1.49033532e-01
1.37947559e-01
-1.80791944e-01
1.46860275e-02
-6.07541051e-06
-2.88975760e-02
-1.85925923e-02
7.71245407e-03
3.27204019e-02
1.55049369e-01
2.17576213e-02
8.41038302e-02
8.18540901e-02
1.14099078e-01
-1.74149975e-01
8.93225893e-02
1.40542641e-01
8.82833600e-02
-1.69540569e-01
2.24527255e-01
-2.35964388e-01
-1.24380790e-01
-1.19788840e-01
5.40051907e-02
1.12821325e-03
1.80465654e-01
1.90672636e-01
3.88832763e-02
1.63056880e-01
2.66367812e-02
-2.28065908e-01
4.22053598e-02
6.46086335e-02
-3.04886132e-01
-7.28738233e-02
-1.00073606e-01
5.38812019e-03
9.52274129e-02
1.88436240e-01
1.28582388e-01
-3.55517864e-02
-3.98475789e-02
-6.26002112e-03
1.29780443e-02
2.87884563e-01
1.65226057e-01
-5.77163766e-04
1.27555743e-01
-1.32717609e-01
1.58407390e-01
