0.00000000e+00
1.54741943e+00
1.84043944e-02
1.10759735e+00
2.01222777e+00
0.00000000e+00
0.00000000e+00
1.50263286e+00
0.00000000e+00
0.00000000e+00
0.00000000e+00
0.00000000e+00
1.92108011e+00
0.00000000e+00
0.00000000e+00
2.18380380e+00
4.30119216e-01
2.94492388e+00
0.00000000e+00
0.00000000e+00
1.11558151e+00
0.00000000e+00
0.00000000e+00
1.57861114e+00
0.00000000e+00
0.00000000e+00
0.00000000e+00
0.00000000e+00
7.45558023e-01
0.00000000e+00
0.00000000e+00
2.15074062e+00
0.00000000e+00
0.00000000e+00
9.99874711e-01
1.57773185e+00
1.34306622e+00
0.00000000e+00
0.00000000e+00
0.00000000e+00
5.50545514e-01
0.00000000e+00
0.00000000e+00
0.00000000e+00
1.68063402e+00
0.00000000e+00
0.00000000e+00
7.42690921e-01
0.00000000e+00
8.55917037e-01
0.00000000e+00
0.00000000e+00
0.00000000e+00
0.00000000e+00
2.71242619e-01
1.35386848e+00
0.00000000e+00
0.00000000e+00
0.00000000e+00
0.00000000e+00
0.00000000e+00
0.00000000e+00
0.00000000e+00
0.00000000e+00
0.00000000e+00
0.00000000e+00
8.36906314e-01
1.42178273e+00
1.60984516e+00
0.00000000e+00
0.00000000e+00
0.00000000e+00
0.00000000e+00
0.00000000e+00
0.00000000e+00
0.00000000e+00
1.95695138e+00
0.00000000e+00
0.00000000e+00
1.29119337e+00
0.00000000e+00
1.07738042e+00
0.00000000e+00
0.00000000e+00
0.00000000e+00
0.00000000e+00
5.32723665e-02
5.78561008e-01
0.00000000e+00
0.00000000e+00
0.00000000e+00
0.00000000e+00
0.00000000e+00
0.00000000e+00
0.00000000e+00
0.00000000e+00
0.00000000e+00
0.00000000e+00
1.08922553e+00
1.62253976e+00
1.74242687e+00
0.00000000e+00
0.00000000e+00
0.00000000e+00
0.00000000e+00
0.00000000e+00
0.00000000e+00
0.00000000e+00
2.92420411e+00
0.00000000e+00
0.00000000e+00
2.03821254e+00
0.00000000e+00
1.58480740e+00
0.00000000e+00
0.00000000e+00
0.00000000e+00
0.00000000e+00
0.00000000e+00
0.00000000e+00
0.00000000e+00
0.00000000e+00
0.00000000e+00
0.00000000e+00
0.00000000e+00
0.00000000e+00
0.00000000e+00
0.00000000e+00
0.00000000e+00
0.00000000e+00
3.21082860e-01
1.30221105e+00
1.50434613e+00
0.00000000e+00
0.00000000e+00
0.00000000e+00
0.00000000e+00
0.00000000e+00
0.00000000e+00
0.00000000e+00
3.47398615e+00
0.00000000e+00
0.00000000e+00
1.73145425e+00
0.00000000e+00
1.34217715e+00
0.00000000e+00
0.00000000e+00
0.00000000e+00
0.00000000e+00
0.00000000e+00
0.00000000e+00
0.00000000e+00
0.00000000e+00
0.00000000e+00
0.00000000e+00
0.00000000e+00
0.00000000e+00
0.00000000e+00
0.00000000e+00
0.00000000e+00
0.00000000e+00
4.17223603e-01
1.52265334e+00
1.47925556e+00
0.00000000e+00
0.00000000e+00
0.00000000e+00
0.00000000e+00
0.00000000e+00
0.00000000e+00
0.00000000e+00
4.00633907e+00
0.00000000e+00
0.00000000e+00
1.65163577e+00
0.00000000e+00
7.31750071e-01
0.00000000e+00
0.00000000e+00
0.00000000e+00
0.00000000e+00
0.00000000e+00
0.00000000e+00
0.00000000e+00
0.00000000e+00
0.00000000e+00
0.00000000e+00
0.00000000e+00
0.00000000e+00
0.00000000e+00
0.00000000e+00
0.00000000e+00
0.00000000e+00
4.28095788e-01
1.71176600e+00
2.10736060e+00
0.00000000e+00
0.00000000e+00
0.00000000e+00
0.00000000e+00
0.00000000e+00
0.00000000e+00
0.00000000e+00
4.93702745e+00
0.00000000e+00
0.00000000e+00
2.12642193e+00
0.00000000e+00
1.25453091e+00
0.00000000e+00
0.00000000e+00
0.00000000e+00
0.00000000e+00
1.20646477e-01
0.00000000e+00
0.00000000e+00
0.00000000e+00
0.00000000e+00
0.00000000e+00
0.00000000e+00
0.00000000e+00
0.00000000e+00
0.00000000e+00
0.00000000e+00
0.00000000e+00
0.00000000e+00
9.29251492e-01
2.01084805e+00
0.00000000e+00
0.00000000e+00
0.00000000e+00
1.74496710e+00
0.00000000e+00
2.79633188e+00
0.00000000e+00
2.17494726e+00
0.00000000e+00
5.24781287e-01
0.00000000e+00
0.00000000e+00
0.00000000e+00
0.00000000e+00
0.00000000e+00
3.01545405e+00
0.00000000e+00
0.00000000e+00
0.00000000e+00
0.00000000e+00
0.00000000e+00
0.00000000e+00
0.00000000e+00
0.00000000e+00
0.00000000e+00
0.00000000e+00
0.00000000e+00
