1.90642214e+00
1.28169954e-01
1.37746835e+00
3.90234470e-01
2.78330255e+00
0.00000000e+00
0.00000000e+00
1.33670092e+00
0.00000000e+00
0.00000000e+00
1.35133207e+00
1.21062219e+00
2.65088677e-01
4.97363615e+00
3.37989628e-01
2.01348710e+00
0.00000000e+00
1.19916856e-01
0.00000000e+00
2.76132035e+00
5.25217390e+00
2.69035769e+00
0.00000000e+00
6.50917709e-01
0.00000000e+00
2.20723581e+00
0.00000000e+00
0.00000000e+00
0.00000000e+00
1.25016868e-02
0.00000000e+00
0.00000000e+00
3.35846496e+00
0.00000000e+00
1.80911672e+00
3.34167027e+00
0.00000000e+00
0.00000000e+00
0.00000000e+00
0.00000000e+00
0.00000000e+00
0.00000000e+00
0.00000000e+00
2.40452981e+00
2.93596327e-01
2.78902364e+00
2.73702383e+00
0.00000000e+00
0.00000000e+00
0.00000000e+00
0.00000000e+00
3.86966276e+00
2.07463336e+00
0.00000000e+00
1.68635666e-01
2.59626675e+00
1.06512856e+00
3.67614913e+00
0.00000000e+00
1.77302670e+00
5.31148911e-01
0.00000000e+00
0.00000000e+00
2.54333663e+00
1.84530878e+00
0.00000000e+00
6.76759362e-01
0.00000000e+00
7.65382767e-01
0.00000000e+00
0.00000000e+00
0.00000000e+00
1.35547966e-01
3.01837683e-01
0.00000000e+00
1.76517940e+00
3.19051981e-01
9.05978262e-01
3.60440254e+00
8.25244784e-02
0.00000000e+00
0.00000000e+00
0.00000000e+00
9.02038932e-01
3.73172790e-01
1.01509655e+00
0.00000000e+00
1.31577170e+00
7.60551155e-01
6.35420680e-01
0.00000000e+00
1.36857903e+00
1.37006712e+00
0.00000000e+00
0.00000000e+00
1.97364473e+00
4.08433557e-01
1.74658716e-01
0.00000000e+00
0.00000000e+00
1.67749560e+00
0.00000000e+00
0.00000000e+00
0.00000000e+00
0.00000000e+00
0.00000000e+00
0.00000000e+00
0.00000000e+00
0.00000000e+00
0.00000000e+00
1.27683985e+00
1.68995425e-01
0.00000000e+00
7.27797806e-01
0.00000000e+00
0.00000000e+00
7.83973575e-01
1.72227931e+00
6.98820949e-02
5.25049567e-02
0.00000000e+00
1.04634786e+00
6.65701926e-03
0.00000000e+00
1.09025681e+00
3.20141971e-01
0.00000000e+00
7.76213646e-01
0.00000000e+00
9.55450311e-02
0.00000000e+00
0.00000000e+00
0.00000000e+00
1.55484891e+00
0.00000000e+00
3.26676458e-01
1.61273706e+00
1.82259190e+00
3.25873923e+00
0.00000000e+00
0.00000000e+00
0.00000000e+00
1.61396527e+00
0.00000000e+00
0.00000000e+00
0.00000000e+00
0.00000000e+00
0.00000000e+00
3.32726628e-01
1.48699975e+00
0.00000000e+00
1.11368895e-02
0.00000000e+00
1.63973105e+00
0.00000000e+00
0.00000000e+00
0.00000000e+00
0.00000000e+00
0.00000000e+00
1.61512578e+00
2.93624187e+00
0.00000000e+00
9.08667207e-01
4.55218077e-01
0.00000000e+00
0.00000000e+00
0.00000000e+00
0.00000000e+00
4.86021459e-01
8.18590164e-01
6.60600066e-01
2.87400699e+00
4.78837609e-01
1.70773709e+00
3.28112662e-01
1.33790159e+00
0.00000000e+00
0.00000000e+00
0.00000000e+00
2.39540195e+00
0.00000000e+00
1.05607271e+00
2.41868079e-01
1.78671765e+00
5.55505276e-01
3.47172809e+00
0.00000000e+00
0.00000000e+00
7.35934019e-01
1.09938228e+00
0.00000000e+00
9.04073238e-01
4.40569699e-01
2.81038225e-01
0.00000000e+00
0.00000000e+00
0.00000000e+00
0.00000000e+00
0.00000000e+00
1.47036231e+00
0.00000000e+00
0.00000000e+00
1.27899218e+00
1.00801110e-01
0.00000000e+00
3.44726682e-01
2.82319474e+00
0.00000000e+00
7.44597316e-02
0.00000000e+00
0.00000000e+00
0.00000000e+00
2.51612926e+00
1.63024351e-01
0.00000000e+00
0.00000000e+00
0.00000000e+00
1.74358952e+00
0.00000000e+00
2.32558203e+00
2.11859727e+00
0.00000000e+00
0.00000000e+00
2.40427327e+00
3.05690837e+00
1.41103625e-01
1.38980997e+00
0.00000000e+00
2.51015902e-01
0.00000000e+00
0.00000000e+00
0.00000000e+00
0.00000000e+00
0.00000000e+00
0.00000000e+00
2.70007110e+00
1.70648962e-01
8.77192736e-01
8.06303263e-01
1.15935218e+00
1.73019111e-01
1.02239084e+00
0.00000000e+00
2.64443302e+00
4.74665880e+00
9.91392434e-01
3.46137166e-01
1.66940880e+00
1.31403708e+00
1.10908079e+00
1.66948617e-01
7.37343311e-01
3.49178863e+00
3.15995157e-01
1.21343255e-01
0.00000000e+00
