1.14422038e-01
-6.36193575e-03
6.53170720e-02
-1.26540631e-01
-7.32478574e-02
8.15668032e-02
-2.40499750e-01
1.00538813e-01
8.07706416e-02
8.21092445e-03
-8.73660073e-02
5.78186810e-02
1.40159607e-01
1.59514666e-01
7.95391425e-02
-3.56003381e-02
-6.46493882e-02
-2.12938655e-02
-1.28848869e-02
-1.74667574e-02
-9.80360359e-02
-1.62917048e-01
6.29429668e-02
-3.47802266e-02
8.16276073e-02
1.20783955e-01
-1.08431369e-01
-1.56842068e-01
6.30010515e-02
6.65434450e-02
-8.38130862e-02
-6.01389743e-02
8.87870044e-02
-8.07624683e-02
4.95579801e-02
4.82477807e-02
-2.21693322e-01
-5.02913594e-02
8.06185678e-02
-3.02522629e-01
6.03672117e-02
-1.79243460e-01
2.80106012e-02
-1.11048482e-01
-1.81562245e-01
1.81570485e-01
2.73792800e-02
1.56958610e-01
2.22055614e-01
1.15264796e-01
3.73125486e-02
-1.87145859e-01
2.50179768e-01
6.52667210e-02
-1.95917249e-01
-2.88546067e-02
-3.23651694e-02
1.29659876e-01
1.19790867e-01
3.16973895e-01
-8.61329958e-02
2.02268019e-01
1.61920652e-01
4.26069759e-02
4.39930886e-01
3.92522067e-01
-3.63290682e-02
-3.31869811e-01
-1.20139010e-01
-4.05758351e-01
4.34621692e-01
2.57898897e-01
-3.66929710e-01
1.76554725e-01
3.76483232e-01
-5.07087052e-01
2.72621401e-02
6.40301049e-01
-1.55671641e-01
4.02061045e-01
-2.55596250e-01
2.63407737e-01
-3.08515966e-01
-1.17996581e-01
-3.45082693e-02
1.41665921e-01
5.69583535e-01
-3.39774221e-01
-4.17899102e-01
2.53525853e-01
-1.67669728e-03
-6.66790232e-02
-1.63057894e-01
7.42225200e-02
-2.23468050e-01
-2.36193925e-01
-8.96712914e-02
-1.02423199e-01
1.02903888e-01
-1.43510342e-01
-8.87643099e-02
-1.20144859e-01
-1.14958905e-01
2.91057110e-01
1.21216975e-01
1.01598194e-02
-6.86619803e-02
1.72901034e-01
6.05631135e-02
2.60062307e-01
2.99762059e-02
5.75997494e-03
-2.28157133e-01
6.44088956e-04
-1.47241190e-01
8.35298523e-02
-7.80665642e-03
-2.85509437e-01
-1.01093158e-01
9.42894295e-02
-7.85346702e-02
5.28927557e-02
-1.92065790e-01
-1.60299718e-01
1.52639598e-01
-1.23783119e-01
-4.74117905e-01
2.75799543e-01
1.48608908e-01
-1.62109241e-01
2.44776070e-01
-3.33869934e-01
-1.92452714e-01
-4.65959087e-02
-3.79893839e-01
3.93861711e-01
6.55633286e-02
-1.23497039e-01
-2.64539361e-01
1.52470246e-01
9.81150270e-02
3.51726651e-01
-2.58526616e-02
1.42859006e-02
-3.19378287e-01
1.17525220e-01
-7.55738094e-02
1.30738139e-01
3.58673893e-02
-3.75873595e-01
-7.90644437e-02
-2.66867522e-02
1.64655998e-01
4.48536538e-02
-2.57491887e-01
-3.24356735e-01
1.68874279e-01
6.06695004e-02
-4.45248336e-01
1.93918481e-01
2.25889653e-01
-5.79323396e-02
-2.16268152e-02
-2.41075307e-02
-8.50033462e-02
5.96017092e-02
-5.06978622e-03
6.29503373e-03
-1.50216157e-02
1.72187239e-01
-1.12944925e-02
-1.57640148e-02
3.84210199e-02
-1.42840771e-02
1.96876619e-02
-2.18226939e-01
-1.30061090e-01
7.29699507e-02
-6.74917083e-03
1.18715063e-01
1.50384456e-01
-1.08493092e-02
5.14448714e-03
-1.49072602e-01
1.10102579e-01
4.04454507e-02
7.30569437e-02
-8.14819038e-02
-3.42638344e-02
1.37405753e-01
-3.36881429e-02
4.88819964e-02
-4.58302088e-02
1.38549462e-01
-5.04804887e-02
-4.35836203e-02
-2.35725921e-02
2.24288523e-01
2.57592469e-01
2.89560091e-02
-5.07542640e-02
-9.25618634e-02
6.81368960e-03
-1.09153152e-01
1.63384318e-01
1.12690978e-01
-1.93047777e-01
1.89486116e-01
-1.63057491e-01
3.94909792e-02
-5.86137921e-02
1.03918187e-01
2.43618205e-01
-1.13182468e-02
-2.00225729e-02
1.79895833e-02
8.79566297e-02
1.62380934e-01
-8.88243541e-02
1.09738022e-01
1.31003082e-01
3.98803949e-02
-9.79768187e-02
3.29801649e-01
4.15760614e-02
-3.06265615e-02
-9.55269411e-02
8.44905805e-03
-1.34214044e-01
-7.27545992e-02
3.21855903e-01
-2.08949700e-01
-6.90376246e-03
-2.13090569e-01
-1.77611291e-01
-1.20334245e-01
-2.26213634e-02
-1.69898003e-01
-7.83886015e-02
-3.73875767e-01
8.60452205e-02
-2.29948312e-01
7.06469864e-02
-3.06276411e-01
1.15067318e-01
2.20724985e-01
-4.26834561e-02
-5.50338663e-02
3.51817682e-02
3.38905826e-02
1.27966970e-01
1.25687599e-01
-9.86259356e-02
-1.15154521e-03
2.26349160e-01
-1.47319138e-01
-1.58233330e-01
1.78968776e-02
4.29813238e-03
-2.91200299e-02
5.59654366e-03
5.51408269e-02
-4.48970050e-02
7.92709962e-02
1.43881273e-02
2.05034157e-03
-7.01908544e-02
2.98808813e-02
-1.71285644e-02
1.11569604e-02
-2.16080472e-01
-2.87890937e-02
-8.86729658e-02
-1.35384919e-02
-4.40781899e-02
6.17452338e-02
7.37341866e-02
-5.12665361e-02
3.19745950e-02
-8.61922186e-03
3.03459261e-02
4.71087731e-03
2.49608904e-02
-1.71523392e-01
3.28429379e-02
-1.11547299e-01
-9.96472314e-02
4.36432026e-02
-3.45615000e-02
2.28426531e-01
1.94467157e-02
-3.30305994e-02
3.98724377e-02
4.44482863e-02
-1.35655537e-01
1.38028279e-01
8.37530009e-03
6.17913939e-02
-2.49964371e-02
-2.20591519e-02
7.91424587e-02
-4.16366681e-02
-1.25624478e-01
-1.97905242e-01
3.76893058e-02
-4.33791103e-03
-5.03818132e-02
-3.31613235e-02
-2.76678540e-02
-8.44545290e-02
-1.31711781e-01
-8.81186277e-02
1.21703528e-01
-3.30430605e-02
7.46695176e-02
-2.11934566e-01
3.11382525e-02
1.15074567e-01
-1.05253324e-01
2.28640474e-02
1.58514529e-02
-3.41987759e-02
5.93600906e-02
-1.51321247e-01
-8.37568119e-02
-1.98464468e-01
-1.38155878e-01
1.24805622e-01
-5.46465777e-02
-1.93310961e-01
-9.81262848e-02
-4.19679582e-02
-7.64362440e-02
4.04789150e-02
-2.00121813e-02
1.94168627e-01
-2.72912849e-02
3.02816015e-02
1.14200888e-02
-2.94842720e-02
2.50084810e-02
-8.41911584e-02
-2.40399390e-02
3.58814262e-02
-8.88336524e-02
2.09299978e-02
-4.20654565e-02
-1.05962329e-01
3.61375958e-02
-6.45794347e-02
-1.99857920e-01
-1.45606110e-02
-2.73090005e-01
3.62229347e-02
-8.93229172e-02
1.14984468e-01
7.14922547e-02
1.40936866e-01
-2.03135863e-01
2.97109067e-01
-1.97423622e-02
8.93321633e-02
-7.46610865e-04
5.87208457e-02
-8.76775458e-02
1.03356071e-01
-8.41387454e-03
2.97867265e-02
-5.00207357e-02
-1.12340197e-01
5.63724302e-02
4.13325317e-02
8.66077021e-02
-1.43101424e-01
-7.68233761e-02
-4.73985411e-02
7.04296604e-02
-1.50343716e-01
2.88377237e-02
-2.67513394e-01
3.43430787e-02
-3.12726721e-02
-2.83775460e-02
-3.81394173e-03
1.00027695e-02
-4.90643196e-02
3.72115709e-02
-1.17542081e-01
-8.53230953e-02
-9.64585319e-02
-1.23840995e-01
6.56174272e-02
7.78839141e-02
-2.12723278e-02
-9.81351212e-02
4.50790599e-02
7.50518739e-02
9.07188207e-02
-8.78641661e-03
3.48322233e-03
-1.16983421e-01
1.78612415e-02
-6.11007065e-02
7.04573542e-02
-6.79307245e-03
-1.26356527e-01
5.31577244e-02
5.99481985e-02
-2.47847214e-02
5.87534532e-02
-1.03558369e-01
-1.27116680e-01
1.15004748e-01
-1.23240225e-01
-1.00350097e-01
1.48922026e-01
-3.69257629e-01
-7.26840496e-02
3.58427130e-02
9.84598175e-02
-2.54992638e-02
2.81121284e-01
-1.10449016e-01
6.87777251e-02
1.54675975e-01
2.68796742e-01
-1.03857912e-01
8.72158557e-02
1.94333941e-01
7.87305161e-02
-1.68760136e-01
-1.22043394e-01
-1.80879176e-01
-2.16981247e-01
-1.35997832e-01
2.83745617e-01
8.93735588e-02
-1.54934496e-01
-3.71068274e-03
7.17436969e-02
2.70850100e-02
5.89086264e-02
-1.08252084e-02
-1.34435132e-01
2.27504775e-01
1.02671154e-01
-1.49039686e-01
1.80422574e-01
5.65065444e-01
-1.27253667e-01
-2.28874296e-01
-6.46772310e-02
-4.84312400e-02
-2.75729108e-03
3.47684354e-01
-1.48867577e-01
-1.48331849e-02
-1.41853973e-01
1.76687762e-01
-1.19427271e-01
-3.69678549e-02
2.24469379e-01
-9.73476171e-02
3.50447953e-01
-2.13848487e-01
7.47602507e-02
2.36161556e-02
3.95080626e-01
4.02294211e-02
4.40468550e-01
-2.12066248e-01
-3.80544811e-02
-4.63958047e-02
3.57294083e-02
1.87122479e-01
4.75828975e-01
-4.95646745e-02
-9.16097388e-02
2.97878981e-01
1.41715154e-01
-8.40696394e-02
-2.19891042e-01
-2.18116134e-01
-1.39897704e-01
-2.72079259e-01
-2.13246122e-01
1.09167332e-02
6.73534274e-02
1.20518040e-02
-3.63259941e-01
-7.14819208e-02
-2.12070704e-01
1.92614213e-01
7.55351409e-02
1.19414151e-01
-6.14573434e-02
-2.44806990e-01
1.63097735e-02
-2.34653711e-01
-3.09495538e-01
1.42318122e-02
1.15029790e-01
-4.88303602e-01
1.08807813e-02
3.80157441e-01
2.23766759e-01
1.14570417e-01
2.82956243e-01
-1.33381948e-01
6.79285452e-02
-7.21199960e-02
1.62112847e-01
-7.45476559e-02
2.58535296e-02
2.07451824e-02
4.98773158e-02
-3.79528068e-02
7.38187358e-02
-1.12349741e-01
-6.96460903e-02
-5.07071540e-02
7.00379387e-02
2.06933618e-02
-4.49835286e-02
2.10404955e-02
-1.32931620e-01
-8.89940038e-02
1.11383483e-01
1.56115908e-02
-7.29894042e-02
6.64603561e-02
9.08695385e-02
-3.93776521e-02
2.78293230e-02
3.60968895e-02
4.93328013e-02
1.13128640e-01
-7.69773917e-03
8.79450217e-02
-1.76931862e-02
5.83266504e-02
-1.98831990e-01
1.29208311e-01
2.52533015e-02
3.31988454e-01
9.70673934e-02
-1.64840251e-01
2.51152404e-02
-2.63091534e-01
-1.45491092e-02
1.59089416e-01
2.39978075e-01
-4.26973552e-02
1.45461470e-01
2.89465748e-02
-3.09563130e-01
3.07311237e-01
2.72086918e-01
2.29766265e-01
3.61449212e-01
-4.19316404e-02
-5.29458281e-03
-1.01366211e-02
-1.47139326e-01
2.72309065e-01
1.13827996e-01
-9.49471220e-02
-1.82784632e-01
-8.47299844e-02
5.69285005e-02
3.88854332e-02
2.81173825e-01
1.23863213e-01
1.05359346e-01
2.47084349e-01
-3.25029641e-02
-3.03132199e-02
3.37843373e-02
1.22699644e-02
-6.34259209e-02
-3.47840898e-02
2.70026159e-02
-4.97490466e-02
9.86465812e-02
3.85749079e-02
3.12451348e-02
-8.58971030e-02
4.78403009e-02
-2.53594536e-02
7.90721551e-02
-9.81663167e-02
8.52463767e-02
-3.31798792e-02
-1.30713671e-01
-2.32928824e-02
1.38056085e-01
-6.29782826e-02
-2.86545772e-02
7.81249925e-02
5.98833151e-02
-8.98776501e-02
2.91301850e-02
-7.79913589e-02
1.82643533e-02
2.41658948e-02
-7.98523352e-02
-1.32922068e-01
-5.45775667e-02
-1.19205713e-01
1.46562210e-03
5.02616018e-02
-4.44009081e-02
-2.31126156e-02
5.12685142e-02
-5.70291840e-02
-1.82574108e-01
1.46218613e-01
-1.52342278e-03
-3.40034068e-02
2.34777078e-01
5.59373060e-03
-1.76702309e-02
1.33422194e-02
9.79683548e-02
-7.51848295e-02
4.29927967e-02
-7.27880523e-02
1.34203255e-01
-4.28146459e-02
-1.32324502e-01
1.10461429e-01
4.79750484e-02
1.19886085e-01
1.34524237e-03
-3.22577581e-02
-2.67265234e-02
1.05869219e-01
-2.31905088e-01
-5.14913648e-02
9.79045182e-02
-5.68001792e-02
-3.35129686e-02
-1.05987508e-02
-1.06994994e-01
-6.31387681e-02
1.15254365e-01
6.93656057e-02
6.11831807e-02
7.93351755e-02
4.07707654e-02
-6.04797574e-03
9.46970731e-02
5.94536513e-02
-6.42563328e-02
-8.61870274e-02
-4.13702689e-02
-8.89632925e-02
-4.80302647e-02
-1.08764626e-01
2.51596533e-02
9.63441730e-02
3.16809374e-03
4.93268035e-02
-5.71078854e-03
-8.16005915e-02
7.72795752e-02
-3.03385612e-02
-2.27970123e-01
8.37623999e-02
5.54558784e-02
-1.14374235e-01
2.61981897e-02
1.47271529e-01
3.23867798e-01
-1.24827847e-01
1.93058461e-01
1.54254753e-02
-1.05057150e-01
1.67426601e-01
1.19716689e-01
-2.52277344e-01
-1.31698474e-01
-9.54815224e-02
-1.05424821e-01
-1.95734948e-01
3.81667346e-01
2.79766560e-01
3.63505095e-01
-4.38335747e-01
4.96628702e-01
-1.35935977e-01
-1.81156218e-01
-1.22302361e-01
1.38482422e-01
-3.27418506e-01
7.06851184e-02
1.45894513e-01
-1.72360569e-01
-1.92754880e-01
3.26741517e-01
-1.91280112e-01
2.00435385e-01
4.92607243e-02
-1.77853510e-01
9.88895074e-02
-1.72375888e-01
9.13886130e-02
9.41961557e-02
-1.33339003e-01
7.83450678e-02
1.88379779e-01
2.14198872e-01
1.01955868e-01
1.28582818e-02
1.58236161e-01
1.70713291e-02
3.99570586e-03
6.64450973e-02
-1.21173792e-01
-1.21766873e-01
1.95445627e-01
3.72106321e-02
8.83168057e-02
-1.57853723e-01
3.74483094e-02
5.61714731e-03
-2.14665420e-02
-2.78796852e-02
-3.55748296e-01
6.41434565e-02
-8.21230188e-02
3.66500951e-02
8.51898715e-02
8.30521733e-02
9.74911675e-02
5.25342152e-02
1.12484761e-01
-1.62245378e-01
2.66015112e-01
-1.53162912e-01
-1.91459358e-01
-2.50700742e-01
-1.49659947e-01
1.94358870e-01
-4.38020118e-02
-1.17245220e-01
-5.22340201e-02
-1.57391354e-01
-3.38551775e-02
1.06712237e-01
-1.12422347e-01
-1.31163150e-02
-1.06996365e-01
7.90937021e-02
-2.94364691e-02
-3.49689610e-02
-3.72539833e-02
-9.70745906e-02
-3.13018784e-02
-2.33339481e-02
-5.11919968e-02
9.51009765e-02
-1.18813906e-02
-3.90842371e-02
-5.00562526e-02
-3.80375870e-02
-8.50224793e-02
-1.28732353e-01
2.10577711e-01
-1.84414182e-02
-1.34193376e-02
-1.35741591e-01
-1.39852062e-01
-4.63919081e-02
7.85994902e-02
3.76335010e-02
4.78659272e-02
-2.27282807e-01
-1.22280851e-01
-5.83776534e-02
8.70481059e-02
-2.51285255e-01
5.20175509e-03
-8.33347533e-03
5.81917427e-02
-2.09049806e-01
-9.15161744e-02
1.88002899e-01
-1.26633212e-01
1.30352676e-01
3.15946877e-01
7.35240281e-02
-3.42447400e-01
2.20426768e-01
1.96492728e-02
-1.08868629e-02
-2.58661062e-03
1.45896673e-01
2.46430021e-02
-1.01535887e-01
1.68302611e-01
-1.96197227e-01
2.41858631e-01
-3.78678292e-01
-1.84362486e-01
-2.51478791e-01
-1.60289466e-01
3.71727407e-01
1.30475983e-01
-3.68428677e-01
-2.35701025e-01
2.10196227e-01
5.08931419e-03
4.51508522e-01
4.15617228e-03
2.16072559e-01
-3.96717489e-01
2.88677096e-01
-2.01484576e-01
1.27525389e-01
-1.07395425e-02
-3.40652883e-01
-2.48669367e-02
5.97919114e-02
-4.76968810e-02
1.01988837e-01
-3.05958450e-01
-1.35623530e-01
1.57885000e-01
-8.94084796e-02
-4.25463200e-01
1.37422070e-01
-2.54863739e-01
-1.51343316e-01
1.35817319e-01
-1.28257692e-01
4.53769043e-02
-8.34642574e-02
1.46930814e-01
3.53533983e-01
7.16786236e-02
1.01296222e-02
-2.98741460e-01
1.32941052e-01
7.21637681e-02
2.76535630e-01
-1.50782332e-01
-1.08780479e-02
-1.54099613e-01
-1.21441884e-02
-1.59814939e-01
1.75442308e-01
8.79390612e-02
-1.34122148e-01
-3.56595479e-02
3.62890363e-02
-8.88130367e-02
9.25945640e-02
-1.18253984e-01
-1.98686555e-01
6.48450255e-02
3.62050198e-02
-4.61306512e-01
1.57918930e-01
-1.67815298e-01
-3.12812001e-01
1.25176832e-03
9.21802521e-02
-7.94428438e-02
5.20158172e-01
3.26974809e-01
3.24293703e-01
-1.87114164e-01
6.05701245e-02
6.79519251e-02
-8.50151703e-02
-1.23666571e-02
-6.55192584e-02
4.79407832e-02
-7.05987066e-02
1.56141251e-01
-7.96617791e-02
2.20062971e-01
-3.06655467e-01
4.17265505e-01
1.84719682e-01
-2.30663314e-01
-2.29927197e-01
-2.03598216e-01
-9.06008668e-03
2.62232572e-01
3.97001505e-01
-9.81706232e-02
3.37977171e-01
1.54238984e-01
5.86064272e-02
-1.96596935e-01
2.63280924e-02
-1.44783109e-02
-9.95415524e-02
9.28433165e-02
3.75189483e-02
-9.06267613e-02
-6.18317106e-04
9.58152190e-02
1.70000374e-01
-9.44782346e-02
6.13591485e-02
5.47439344e-02
2.05719452e-02
-1.13588817e-01
4.08026315e-02
6.38002306e-02
-7.70047382e-02
-1.83374122e-01
2.26136744e-02
-7.03620687e-02
-2.31135815e-01
4.36846055e-02
4.91744392e-02
8.22012424e-02
-1.83405317e-02
-5.44640012e-02
-5.24988808e-02
1.11775897e-01
-1.80572897e-01
-1.96608245e-01
2.09747031e-01
1.86093569e-01
-1.61580980e-01
-6.45402959e-03
-9.28032100e-02
1.03736266e-01
1.41080067e-01
-4.28615272e-01
-3.11604869e-02
1.84068307e-01
-1.83818549e-01
-3.36642414e-01
-1.37559637e-01
-8.36120620e-02
3.55396569e-01
-7.33529404e-02
-3.79334897e-01
-4.52141240e-02
1.15332042e-03
-3.73168647e-01
-2.65387058e-01
-2.34824773e-02
8.34247619e-02
-1.99119430e-02
-1.80509076e-01
1.92282677e-01
-1.03976727e-02
1.79517064e-02
1.19949058e-01
-1.29230276e-01
4.19227660e-01
-2.27388725e-01
-4.10242416e-02
5.14229015e-02
1.82003062e-02
1.93920955e-02
-8.88063312e-02
-4.28060405e-02
-1.21691581e-02
-1.21417865e-01
1.18939564e-01
4.55208980e-02
3.83108482e-02
-4.56915945e-02
-4.31061769e-03
5.78517579e-02
4.10051681e-02
4.64304350e-03
-3.81576531e-02
-1.13881305e-01
6.35380596e-02
-8.45977515e-02
7.23047778e-02
-1.43821537e-02
-9.28868279e-02
-3.99562977e-02
6.59675822e-02
-9.54880267e-02
4.18044776e-02
-4.27084304e-02
-3.41905728e-02
9.71646830e-02
-4.61712815e-02
-4.83934768e-02
5.52209541e-02
-8.31996202e-02
-8.95398855e-02
1.22583080e-02
-1.18538387e-01
-2.92984955e-02
4.81172614e-02
-7.02973455e-02
1.19811721e-01
-6.31060898e-02
1.54326588e-01
-1.69944003e-01
9.91711766e-02
6.67294636e-02
-1.26763523e-01
-2.05449690e-03
-5.54224178e-02
5.44776991e-02
2.44954936e-02
8.56908038e-02
-1.27420589e-01
9.18255150e-02
-1.73578173e-01
-6.14277013e-02
2.16387142e-03
-2.20862016e-01
8.44609439e-02
-6.12806864e-02
-2.19131708e-01
4.62033711e-02
-1.36726638e-02
-2.10535124e-01
2.01932833e-01
